"PAMn"	"VFSCd"
0.681177446102819	0.196517412935323
0.701907131011609	0.206053067993366
0.720149253731343	0.214344941956882
0.735489220563848	0.220978441127695
0.748341625207297	0.225953565505804
0.761194029850746	0.230099502487562
0.764925373134329	0.228855721393035
0.767412935323383	0.228026533996683
0.768242122719735	0.227197346600332
0.768242122719735	0.227197346600332
0.77653399668325	0.227197346600332
0.758706467661691	0.225124378109453
0.745854063018242	0.225124378109453
0.737562189054726	0.225953565505804
0.73424543946932	0.223880597014925
0.73134328358209	0.23424543946932
0.747097844112769	0.243366500829187
0.763266998341625	0.251658374792703
0.779436152570481	0.259535655058043
0.796019900497513	0.26575456053068
0.812603648424544	0.272802653399668
0.838723051409619	0.279021558872305
0.860696517412935	0.283582089552239
0.877694859038143	0.286898839137645
0.90257048092869	0.288557213930348
0.893449419568823	0.290215588723051
0.885986733001658	0.289800995024876
0.881011608623549	0.287728026533997
0.877694859038143	0.296849087893864
0.874378109452736	0.274461028192371
0.87893864013267	0.255804311774461
0.88391376451078	0.241708126036484
0.888888888888889	0.231343283582089
0.894278606965174	0.212686567164179
0.896351575456053	0.230928689883914
0.915422885572139	0.245439469320066
0.928275290215589	0.254975124378109
0.935323383084577	0.260364842454395
0.936152570480929	0.268242122719735
0.932421227197347	0.249170812603648
0.905887230514096	0.232172470978441
0.881011608623549	0.216832504145937
0.858623548922057	0.203980099502488
0.837893864013267	0.192786069651741
0.819237147595357	0.185323383084577
0.797678275290216	0.179519071310116
0.780679933665008	0.175373134328358
0.768242122719735	0.172470978441128
0.736733001658375	0.169154228855721
0.758706467661691	0.175787728026534
0.776119402985075	0.181177446102819
0.788557213930348	0.185323383084577
0.796849087893864	0.188225538971808
0.809286898839138	0.191127694859038
0.79726368159204	0.187810945273632
0.785240464344942	0.185737976782753
0.772388059701493	0.18407960199005
0.758706467661691	0.183665008291874
0.756218905472637	0.184494195688226
0.727611940298507	0.18407960199005
0.703980099502488	0.185737976782753
0.685323383084577	0.189054726368159
0.670812603648425	0.194029850746269
0.653814262023217	0.200663349917081
0.659618573797678	0.212271973466003
0.666252072968491	0.223880597014925
0.673300165837479	0.235903814262023
0.681177446102819	0.238391376451078
0.684908789386401	0.261194029850746
0.703150912106136	0.280679933665008
0.718076285240464	0.296434494195688
0.730099502487562	0.308457711442786
0.739635157545605	0.327529021558872
0.750414593698176	0.318407960199005
0.741708126036484	0.310945273631841
0.735489220563848	0.30514096185738
0.73134328358209	0.300580431177446
0.729270315091211	0.295605306799337
0.730514096185738	0.29726368159204
0.72636815920398	0.299336650082919
0.727197346600332	0.301824212271974
0.733416252072968	0.304311774461028
0.720563847429519	0.30514096185738
0.763681592039801	0.31301824212272
0.802653399668325	0.318822553897181
0.83665008291874	0.322553897180763
0.866086235489221	0.321724709784411
0.894278606965174	0.323383084577114
0.908789386401327	0.321724709784411
0.920812603648425	0.317578772802653
0.930762852404644	0.310116086235489
0.938640132669984	0.315505804311774
0.947761194029851	0.280265339966832
0.94195688225539	0.250414593698176
0.938640132669984	0.225953565505804
0.93698175787728	0.206467661691542
0.937396351575456	0.180762852404643
0.939054726368159	0.193615257048093
0.953150912106136	0.202321724709785
0.963930348258707	0.20771144278607
0.971807628524046	0.209784411276949
0.975538971807629	0.211857379767828
0.978026533996683	0.19485903814262
0.976782752902156	0.17910447761194
0.972636815920398	0.165422885572139
0.964759535655058	0.152985074626866
0.969320066334992	0.142205638474295
0.93698175787728	0.133913764510779
0.907960199004975	0.126865671641791
0.8818407960199	0.12106135986733
0.858208955223881	0.116915422885572
0.834991708126037	0.114013266998342
0.82089552238806	0.111525704809287
0.808872305140962	0.110696517412935
0.798092868988391	0.111111111111111
0.7893864013267	0.113598673300166
0.772388059701493	0.11608623548922
0.779021558872305	0.129353233830846
0.782752902155887	0.140547263681592
0.784411276948591	0.150082918739635
0.782752902155887	0.158374792703151
0.791459369817579	0.164593698175788
0.767412935323383	0.167495854063018
0.747512437810945	0.169568822553897
0.73134328358209	0.170812603648424
0.71849087893864	0.183250414593698
0.711857379767828	0.170398009950249
0.703565505804312	0.161691542288557
0.700248756218906	0.156301824212272
0.701907131011609	0.155058043117745
0.709369817578773	0.143864013266998
0.715174129353234	0.169568822553897
0.754145936981758	0.191127694859038
0.788142620232173	0.208540630182421
0.816334991708126	0.221807628524047
0.847844112769486	0.233416252072969
0.856135986733002	0.229270315091211
0.862769485903814	0.225538971807628
0.867330016583748	0.221393034825871
0.870646766169154	0.217247097844113
0.880597014925373	0.213515754560531
0.866086235489221	0.204809286898839
0.855721393034826	0.198590381426202
0.849087893864013	0.19485903814262
0.846185737976783	0.189469320066335
0.845356550580431	0.197346600331675
0.854477611940299	0.204809286898839
0.865257048092869	0.213101160862355
0.877694859038143	0.220978441127695
0.877280265339967	0.225124378109453
0.910033167495854	0.246683250414594
0.938640132669984	0.262023217247098
0.961857379767828	0.271558872305141
0.980514096185738	0.295190713101161
0.998756218905473	0.270729684908789
1	0.248341625207297
1	0.228026533996683
0.998341625207297	0.209369817578773
0.995439469320066	0.193200663349917
0.993781094527363	0.177860696517413
0.978441127694859	0.165008291873963
0.966832504145937	0.153814262023217
0.958126036484246	0.145107794361526
0.931592039800995	0.134742951907131
0.953150912106136	0.140961857379768
0.969734660033168	0.144278606965174
0.980928689883914	0.14469320066335
0.987147595356551	0.142620232172471
0.996683250414594	0.138474295190713
0.980514096185738	0.121890547263682
0.963930348258707	0.106965174129353
0.946932006633499	0.0941127694859037
0.92910447761194	0.0779436152570482
0.915422885572139	0.074212271973466
0.890547263681592	0.0708955223880597
0.867744610281924	0.0671641791044775
0.84742951907131	0.0638474295190713
0.8287728026534	0.0713101160862355
0.813847429519072	0.054726368159204
0.797678275290216	0.0431177446102819
0.784411276948591	0.0360696517412934
0.774046434494196	0.0335820895522389
0.766998341625207	0.0140961857379766
0.759535655058043	0.0493366500829187
0.769485903814262	0.0783582089552239
0.777777777777778	0.101160862354892
0.784411276948591	0.117744610281924
0.7893864013267	0.141791044776119
0.793532338308458	0.126865671641791
0.791873963515755	0.11318407960199
0.790215588723052	0.100746268656716
0.787728026533997	0.089966832504146
0.784825870646766	0.0816749585406301
0.783582089552239	0.0708955223880597
0.769485903814262	0.0626036484245439
0.759535655058043	0.0563847429519071
0.754560530679934	0.0530679933665009
0.753731343283582	0.0476782752902155
0.757462686567164	0.0597014925373133
0.780679933665008	0.070066334991708
0.800580431177446	0.0775290215588722
0.817164179104478	0.0829187396351576
0.835406301824212	0.0862354892205638
0.839137645107795	0.0854063018242124
0.842039800995025	0.0833333333333333
0.844112769485904	0.0791873963515753
0.844941956882256	0.0733830845771143
0.849917081260365	0.0659203980099501
0.840796019900498	0.0468490878938641
0.833747927031509	0.0310945273631841
0.828358208955224	0.0186567164179106
0.825456053067993	0
0.818407960199005	0.00621890547263676
0.830845771144279	0.0116086235489221
0.840381426202322	0.01575456053068
0.847014925373134	0.0190713101160863
0.850746268656716	0.0257048092868987
0.851575456053068	0.0211442786069651
0.848673300165838	0.0182421227197346
0.843283582089552	0.0165837479270315
0.835406301824212	0.0165837479270315
0.825041459369818	0.0145107794361526
0.815091210613599	0.0223880597014925
0.7893864013267	0.0298507462686567
0.766169154228856	0.0364842454394694
0.745024875621891	0.0431177446102819
0.726782752902156	0.0526533996683249
0.711442786069652	0.0518242122719735
0.693200663349917	0.0526533996683249
0.679519071310116	0.0555555555555554
0.669983416252073	0.0601160862354893
0.664593698175788	0.0584577114427859
0.661691542288557	0.0816749585406301
0.67910447761194	0.100746268656716
0.693200663349917	0.115671641791045
0.704809286898839	0.126451077943615
0.719320066334992	0.137230514096186
0.718076285240464	0.130182421227197
0.71558872305141	0.122719734660033
0.712686567164179	0.115671641791045
0.709369817578773	0.109038142620232
0.717247097844113	0.104892205638474
0.698175787728026	0.0883084577114429
0.683665008291874	0.0762852404643448
0.673300165837479	0.0688225538971806
0.667910447761194	0.0659203980099501
0.652155887230514	0.0650912106135987
0.674543946932007	0.0870646766169155
0.694029850746269	0.10530679933665
0.711028192371476	0.120646766169154
0.724709784411277	0.143864013266998
0.737562189054726	0.140132669983416
0.741708126036484	0.13681592039801
0.744610281923715	0.134742951907131
0.745854063018242	0.133499170812604
0.745854063018242	0.131426202321725
0.748756218905473	0.134328358208955
0.734660033167496	0.137230514096186
0.72346600331675	0.140132669983416
0.715174129353234	0.143034825870647
0.710199004975125	0.14469320066335
0.704394693200664	0.150912106135987
0.716832504145937	0.156301824212272
0.727197346600332	0.160862354892206
0.735903814262023	0.164179104477612
0.74212271973466	0.167081260364843
0.746683250414594	0.169154228855721
0.748756218905473	0.169983416252073
0.749170812603648	0.169983416252073
0.747512437810945	0.169568822553897
0.743781094527363	0.167910447761194
0.737976782752902	0.165422885572139
0.730099502487562	0.162106135986733
