3.980054e-01	4.974157e-01	3.324602e-01
4.578422e-01	5.011076e-01	3.898971e-01
5.013599e-01	5.146444e-01	4.261927e-01
4.959202e-01	5.291656e-01	4.108513e-01
4.605621e-01	5.493478e-01	3.721235e-01
3.980054e-01	5.862663e-01	3.358279e-01
3.191296e-01	6.364755e-01	3.137512e-01
2.547597e-01	6.736402e-01	3.042095e-01
2.447869e-01	6.613340e-01	3.195510e-01
2.674524e-01	6.271228e-01	3.476146e-01
3.082502e-01	6.034950e-01	3.771749e-01
3.563010e-01	6.047256e-01	4.009355e-01
3.880326e-01	6.219542e-01	4.112254e-01
3.762466e-01	6.581344e-01	3.943873e-01
3.372620e-01	7.026827e-01	3.648269e-01
2.747053e-01	7.477234e-01	3.343312e-01
1.985494e-01	7.848880e-01	3.116932e-01
1.396192e-01	8.040857e-01	3.028999e-01
1.314597e-01	7.853803e-01	3.242283e-01
1.604714e-01	7.467389e-01	3.612722e-01
2.221215e-01	7.016983e-01	4.044902e-01
2.991840e-01	6.630569e-01	4.417212e-01
3.526745e-01	6.514890e-01	4.488307e-01
3.481414e-01	6.869308e-01	4.035547e-01
3.164098e-01	7.376323e-01	3.438728e-01
2.665458e-01	7.802117e-01	3.038354e-01
2.148685e-01	8.090081e-01	2.811974e-01
1.713509e-01	8.156535e-01	2.712816e-01
1.541251e-01	7.890721e-01	2.761459e-01
1.659112e-01	7.432931e-01	2.939196e-01
2.284678e-01	6.817622e-01	3.294668e-01
3.209429e-01	6.143244e-01	3.726848e-01
4.143246e-01	5.527935e-01	4.121609e-01
4.922937e-01	5.043072e-01	4.405987e-01
5.485041e-01	4.723111e-01	4.527596e-01
5.693563e-01	4.636968e-01	4.391020e-01
5.702629e-01	4.681270e-01	4.125351e-01
5.648232e-01	4.757568e-01	3.837231e-01
5.548504e-01	4.826483e-01	3.577175e-01
5.448776e-01	4.878169e-01	3.348924e-01
5.403445e-01	4.888014e-01	3.199252e-01
5.367180e-01	4.836328e-01	3.131899e-01
5.321850e-01	4.708344e-01	3.158092e-01
5.167724e-01	4.499139e-01	3.298410e-01
5.140526e-01	4.125031e-01	3.537886e-01
5.448776e-01	3.416195e-01	3.912067e-01
6.119674e-01	2.463697e-01	4.359214e-01
7.116954e-01	1.511199e-01	4.748363e-01
8.440617e-01	7.162195e-02	4.985968e-01
9.537625e-01	2.879646e-02	4.999065e-01
9.864007e-01	5.587005e-02	4.639850e-01
9.746147e-01	1.146936e-01	4.108513e-01
9.483228e-01	1.597342e-01	3.629560e-01
9.147779e-01	1.804086e-01	3.279701e-01
8.658205e-01	1.954221e-01	3.002806e-01
7.842248e-01	2.116663e-01	2.797007e-01
6.890299e-01	2.306178e-01	2.688494e-01
6.146872e-01	2.527689e-01	2.724041e-01
6.019946e-01	2.808270e-01	3.017774e-01
6.183137e-01	3.133153e-01	3.408793e-01
6.300997e-01	3.502338e-01	3.745557e-01
6.183137e-01	3.905981e-01	3.912067e-01
5.947416e-01	4.346542e-01	3.983162e-01
5.521306e-01	4.858479e-01	3.919551e-01
4.950136e-01	5.372877e-01	3.786717e-01
4.279238e-01	5.801132e-01	3.668849e-01
3.481414e-01	6.071868e-01	3.627689e-01
2.819583e-01	6.150628e-01	3.726848e-01
2.665458e-01	5.904504e-01	4.108513e-01
3.037171e-01	5.382722e-01	4.753976e-01
3.653672e-01	4.838789e-01	5.483630e-01
4.406165e-01	4.444991e-01	6.202058e-01
5.086129e-01	4.216096e-01	6.783910e-01
5.339982e-01	4.331775e-01	6.957905e-01
5.276519e-01	4.646813e-01	6.858746e-01
4.941070e-01	4.974157e-01	6.671656e-01
4.406165e-01	5.188285e-01	6.523854e-01
3.934723e-01	5.257199e-01	6.428438e-01
3.880326e-01	4.956928e-01	6.540692e-01
4.188577e-01	4.472065e-01	6.767072e-01
4.669084e-01	4.149643e-01	6.941066e-01
5.249320e-01	4.243170e-01	6.954163e-01
5.738894e-01	4.504061e-01	6.806361e-01
5.847688e-01	4.831405e-01	6.389149e-01
5.666364e-01	5.195668e-01	5.816651e-01
5.240254e-01	5.584543e-01	5.216090e-01
4.560290e-01	5.966035e-01	4.694107e-01
3.844062e-01	6.268767e-01	4.260056e-01
3.218495e-01	6.399212e-01	3.962582e-01
2.828649e-01	6.330298e-01	3.837231e-01
2.846782e-01	6.071868e-01	3.953227e-01
3.553944e-01	5.550086e-01	4.435921e-01
4.478694e-01	5.023382e-01	4.982226e-01
5.113327e-01	4.841250e-01	5.242283e-01
5.475975e-01	4.897859e-01	5.221703e-01
5.602901e-01	4.996308e-01	4.924228e-01
5.485041e-01	5.067684e-01	4.387278e-01
5.167724e-01	5.173517e-01	3.805426e-01
4.569356e-01	5.355649e-01	3.339570e-01
4.043518e-01	5.478710e-01	3.002806e-01
4.034451e-01	5.313808e-01	2.894294e-01
4.505893e-01	4.927394e-01	2.978485e-01
5.086129e-01	4.612355e-01	3.128157e-01
5.575703e-01	4.550825e-01	3.270346e-01
5.893019e-01	4.688654e-01	3.262862e-01
5.802357e-01	5.136599e-01	2.836296e-01
5.430644e-01	5.744524e-01	2.188962e-01
4.786945e-01	6.379523e-01	1.513564e-01
3.916591e-01	6.920994e-01	9.597755e-02
3.082502e-01	7.297563e-01	5.762395e-02
2.592928e-01	7.317253e-01	5.201123e-02
2.574796e-01	6.970219e-01	8.119738e-02
2.801451e-01	6.549348e-01	1.240412e-01
3.291024e-01	6.249077e-01	1.696913e-01
3.825929e-01	6.047256e-01	2.112254e-01
4.106981e-01	5.978341e-01	2.346118e-01
4.061650e-01	6.034950e-01	2.381665e-01
3.798731e-01	6.167856e-01	2.325538e-01
3.245694e-01	6.396751e-01	2.200187e-01
2.665458e-01	6.605956e-01	2.102900e-01
2.311877e-01	6.642875e-01	2.160898e-01
2.484134e-01	6.354910e-01	2.507016e-01
2.883046e-01	5.983264e-01	2.946679e-01
3.436083e-01	5.685454e-01	3.358279e-01
3.998187e-01	5.503323e-01	3.704397e-01
4.324569e-01	5.505784e-01	3.932647e-01
4.206709e-01	5.771597e-01	3.983162e-01
3.834995e-01	6.113709e-01	3.940131e-01
3.218495e-01	6.399212e-01	3.792329e-01
2.529465e-01	6.576421e-01	3.629560e-01
2.058024e-01	6.630569e-01	3.623948e-01
2.230281e-01	6.463205e-01	4.035547e-01
2.747053e-01	6.209697e-01	4.596819e-01
3.354488e-01	5.990647e-01	5.049579e-01
3.916591e-01	5.872508e-01	5.298410e-01
4.270172e-01	5.855279e-01	5.386342e-01
4.188577e-01	6.000492e-01	5.270346e-01
3.825929e-01	6.234310e-01	5.032741e-01
3.263826e-01	6.539503e-01	4.727783e-01
2.583862e-01	6.861925e-01	4.411600e-01
2.076156e-01	7.093281e-01	4.151543e-01
2.257480e-01	6.972680e-01	4.114125e-01
2.774252e-01	6.733940e-01	4.173994e-01
3.173164e-01	6.682254e-01	4.159027e-01
3.164098e-01	7.019444e-01	3.966324e-01
2.991840e-01	7.482156e-01	3.721235e-01
2.665458e-01	7.927640e-01	3.470533e-01
2.230281e-01	8.309131e-01	3.247895e-01
1.749773e-01	8.624169e-01	3.073901e-01
1.160471e-01	8.845681e-01	2.948550e-01
6.527652e-02	8.921979e-01	2.954163e-01
4.533092e-02	8.781688e-01	3.219832e-01
8.703536e-02	8.299286e-01	3.945744e-01
1.568450e-01	7.708590e-01	4.772685e-01
2.339075e-01	7.233571e-01	5.354537e-01
3.055304e-01	6.908688e-01	5.629560e-01
3.563010e-01	6.721634e-01	5.623948e-01
3.717135e-01	6.694561e-01	5.283442e-01
3.644606e-01	6.738863e-01	4.776427e-01
3.291024e-01	6.785626e-01	4.228251e-01
2.855848e-01	6.788088e-01	3.704397e-01
2.737987e-01	6.697022e-01	3.262862e-01
3.463282e-01	6.389367e-01	3.021515e-01
4.397099e-01	6.096480e-01	2.813845e-01
4.859474e-01	6.126015e-01	2.411600e-01
4.750680e-01	6.482894e-01	1.824135e-01
4.351768e-01	6.957913e-01	1.212348e-01
3.708069e-01	7.420625e-01	6.903648e-02
2.964642e-01	7.831651e-01	2.862488e-02
2.257480e-01	8.139306e-01	3.180543e-03
1.731641e-01	8.245139e-01	0
1.414325e-01	8.198376e-01	1.534144e-02
1.514053e-01	7.984248e-01	5.163704e-02
2.030825e-01	7.619985e-01	1.070159e-01
2.565730e-01	7.356633e-01	1.562208e-01
2.737987e-01	7.479695e-01	1.719364e-01
2.665458e-01	7.802117e-01	1.680075e-01
2.348141e-01	8.173763e-01	1.547240e-01
1.786038e-01	8.481418e-01	1.386342e-01
1.233001e-01	8.700468e-01	1.285313e-01
9.972801e-02	8.700468e-01	1.412535e-01
1.069810e-01	8.508491e-01	1.738073e-01
1.359927e-01	8.213143e-01	2.149673e-01
1.885766e-01	7.831651e-01	2.613658e-01
2.402539e-01	7.521536e-01	3.004677e-01
2.574796e-01	7.553532e-01	3.118803e-01
2.366274e-01	7.932562e-01	2.948550e-01
1.958296e-01	8.432193e-01	2.662301e-01
1.378060e-01	8.919518e-01	2.338634e-01
8.068903e-02	9.318238e-01	2.059869e-01
4.442430e-02	9.522520e-01	1.949486e-01
5.802357e-02	9.347773e-01	2.170253e-01
8.884859e-02	9.074575e-01	2.499532e-01
1.169538e-01	8.966281e-01	2.752105e-01
1.350861e-01	9.069653e-01	2.871843e-01
1.414325e-01	9.254246e-01	2.884939e-01
1.251133e-01	9.478218e-01	2.709074e-01
9.610154e-02	9.699729e-01	2.467727e-01
6.165005e-02	9.881861e-01	2.273152e-01
2.357208e-02	1	2.231993e-01
0	9.963081e-01	2.346118e-01
2.175884e-02	9.576667e-01	2.750234e-01
8.340888e-02	8.899828e-01	3.375117e-01
1.477788e-01	8.331282e-01	3.897100e-01
1.849501e-01	8.210682e-01	4.037418e-01
2.021759e-01	8.301747e-01	3.960711e-01
1.885766e-01	8.474034e-01	3.749298e-01
1.523119e-01	8.643859e-01	3.466791e-01
1.196736e-01	8.705390e-01	3.186155e-01
1.169538e-01	8.461728e-01	3.023386e-01
1.423391e-01	8.028550e-01	2.952292e-01
1.967362e-01	7.501846e-01	2.982226e-01
2.837715e-01	6.955452e-01	3.105706e-01
3.626473e-01	6.534580e-01	3.154350e-01
3.934723e-01	6.460743e-01	2.926099e-01
3.952856e-01	6.605956e-01	2.531338e-01
3.780598e-01	6.839774e-01	2.050514e-01
3.499547e-01	7.071130e-01	1.545370e-01
3.109701e-01	7.329559e-01	1.060804e-01
2.592928e-01	7.664287e-01	6.173994e-02
1.994560e-01	8.031012e-01	2.806361e-02
1.532185e-01	8.245139e-01	1.702526e-02
1.459655e-01	8.072853e-01	4.976614e-02
1.731641e-01	7.573222e-01	1.178672e-01
2.302811e-01	6.837312e-01	2.095416e-01
3.209429e-01	5.882353e-01	3.214219e-01
4.242974e-01	4.831405e-01	4.304958e-01
5.285585e-01	3.694315e-01	5.146866e-01
6.183137e-01	2.685208e-01	5.625819e-01
6.708976e-01	2.318484e-01	5.650140e-01
6.654578e-01	2.931332e-01	5.115061e-01
6.373527e-01	3.743539e-01	4.379794e-01
6.083409e-01	4.206252e-01	3.689429e-01
5.793291e-01	4.427763e-01	3.096352e-01
5.503173e-01	4.425302e-01	2.714687e-01
5.285585e-01	4.191484e-01	2.626754e-01
5.249320e-01	3.849372e-01	2.731525e-01
5.693563e-01	3.435885e-01	3.086997e-01
6.310063e-01	3.076544e-01	3.534144e-01
6.727108e-01	2.955944e-01	3.859682e-01
6.627380e-01	3.219296e-01	3.902713e-01
6.319130e-01	3.608171e-01	3.818522e-01
5.965549e-01	3.918287e-01	3.633302e-01
5.557570e-01	4.171794e-01	3.406922e-01
5.049864e-01	4.449914e-01	3.206735e-01
4.378966e-01	4.828944e-01	3.098223e-01
3.844062e-01	5.102141e-01	3.116932e-01
3.780598e-01	4.976618e-01	3.371375e-01
4.233908e-01	4.469604e-01	3.835360e-01
4.895739e-01	3.965050e-01	4.295603e-01
5.657298e-01	3.716466e-01	4.615529e-01
6.282865e-01	3.674625e-01	4.757717e-01
6.355394e-01	3.947822e-01	4.555659e-01
5.911151e-01	4.462220e-01	4.078578e-01
5.312783e-01	5.035688e-01	3.549111e-01
4.814143e-01	5.478710e-01	3.201123e-01
4.388033e-01	5.806055e-01	2.982226e-01
4.007253e-01	6.032488e-01	2.866230e-01
3.744334e-01	6.071868e-01	2.881197e-01
3.526745e-01	6.037411e-01	2.984097e-01
3.245694e-01	6.042333e-01	3.141254e-01
2.756120e-01	6.222003e-01	3.307764e-01
2.393472e-01	6.362294e-01	3.537886e-01
2.520399e-01	6.256461e-01	3.898971e-01
3.173164e-01	5.870047e-01	4.381665e-01
3.898459e-01	5.483633e-01	4.828812e-01
4.333636e-01	5.294118e-01	5.098223e-01
4.578422e-01	5.252277e-01	5.231057e-01
4.660018e-01	5.345804e-01	5.221703e-01
4.551224e-01	5.606695e-01	5.040225e-01
4.306437e-01	5.953729e-01	4.783910e-01
3.889393e-01	6.349988e-01	4.516370e-01
3.227561e-01	6.797933e-01	4.284378e-01
2.601995e-01	7.125277e-01	4.168382e-01
2.266546e-01	7.167118e-01	4.246960e-01
2.429737e-01	6.743785e-01	4.609916e-01
2.964642e-01	6.047256e-01	5.221703e-01
3.989121e-01	5.092296e-01	6.222638e-01
5.385313e-01	3.960128e-01	7.534144e-01
6.772439e-01	2.820576e-01	8.770814e-01
7.787851e-01	1.720404e-01	9.616464e-01
8.368087e-01	9.328083e-02	1
8.368087e-01	9.106571e-02	9.711880e-01
7.742520e-01	1.784396e-01	8.727783e-01
6.980961e-01	2.820576e-01	7.650140e-01
6.436990e-01	3.514644e-01	6.954163e-01
5.983681e-01	3.984740e-01	6.480823e-01
5.602901e-01	4.161949e-01	6.211413e-01
5.249320e-01	4.001969e-01	6.142189e-01
5.058930e-01	3.780458e-01	6.200187e-01
5.194923e-01	3.743539e-01	6.362956e-01
5.575703e-01	3.920748e-01	6.563143e-01
5.838622e-01	4.230864e-01	6.681010e-01
5.602901e-01	4.678809e-01	6.538821e-01
5.131460e-01	5.207974e-01	6.276894e-01
4.560290e-01	5.749446e-01	6.013096e-01
4.061650e-01	6.222003e-01	5.878391e-01
3.563010e-01	6.665026e-01	5.790458e-01
3.028105e-01	7.115432e-01	5.698784e-01
2.375340e-01	7.651981e-01	5.532273e-01
1.813237e-01	8.053163e-01	5.434986e-01
1.550317e-01	8.107310e-01	5.541628e-01
1.767906e-01	7.595373e-01	5.981291e-01
2.239347e-01	6.923456e-01	6.516370e-01
2.982774e-01	6.354910e-01	7.019645e-01
3.825929e-01	5.946345e-01	7.423761e-01
4.514959e-01	5.638691e-01	7.691300e-01
4.514959e-01	5.540241e-01	7.650140e-01
4.224841e-01	5.463943e-01	7.479888e-01
3.970988e-01	5.247354e-01	7.350795e-01
3.998187e-01	4.723111e-01	7.433115e-01
4.406165e-01	3.937977e-01	7.633302e-01
5.557570e-01	2.704898e-01	7.998129e-01
7.334542e-01	1.198622e-01	8.439663e-01
8.893926e-01	1.501354e-02	8.651076e-01
9.682684e-01	1.525966e-02	8.379794e-01
1	5.759291e-02	7.867166e-01
9.918404e-01	9.180409e-02	7.246024e-01
9.564823e-01	1.127246e-01	6.583723e-01
9.057117e-01	1.294610e-01	5.921422e-01
8.603808e-01	1.356141e-01	5.337699e-01
8.204896e-01	1.388137e-01	4.851263e-01
7.951043e-01	1.464435e-01	4.508887e-01
7.996374e-01	1.644105e-01	4.405987e-01
8.068903e-01	1.932070e-01	4.377923e-01
7.896646e-01	2.389860e-01	4.273152e-01
7.280145e-01	3.074083e-01	3.951356e-01
6.464189e-01	3.802609e-01	3.623948e-01
5.494107e-01	4.472065e-01	3.358279e-01
4.388033e-01	4.996308e-01	3.225444e-01
3.481414e-01	5.326114e-01	3.266604e-01
3.118767e-01	5.343342e-01	3.592142e-01
3.526745e-01	4.961851e-01	4.265669e-01
4.197643e-01	4.481910e-01	4.989710e-01
4.859474e-01	4.097957e-01	5.565949e-01
5.421578e-01	3.805070e-01	5.983162e-01
5.757026e-01	3.608171e-01	6.200187e-01
5.766092e-01	3.526951e-01	6.183349e-01
5.557570e-01	3.556485e-01	6.028064e-01
5.067996e-01	3.780458e-01	5.730589e-01
4.560290e-01	4.043810e-01	5.427502e-01
4.406165e-01	4.125031e-01	5.328344e-01
4.932004e-01	3.856756e-01	5.603368e-01
5.539438e-01	3.583559e-01	5.895229e-01
5.802357e-01	3.600788e-01	5.884004e-01
5.793291e-01	3.839527e-01	5.663237e-01
5.602901e-01	4.230864e-01	5.335828e-01
5.258386e-01	4.772336e-01	4.969130e-01
4.768812e-01	5.363032e-01	4.576239e-01
4.097915e-01	5.911888e-01	4.160898e-01
3.182230e-01	6.354910e-01	3.726848e-01
2.456936e-01	6.596111e-01	3.440599e-01
2.375340e-01	6.473049e-01	3.511693e-01
2.964642e-01	5.988186e-01	3.932647e-01
3.771532e-01	5.328575e-01	4.477081e-01
4.551224e-01	4.563131e-01	5.027128e-01
5.267452e-01	3.876446e-01	5.478017e-01
5.784225e-01	3.581098e-01	5.635173e-01
6.074343e-01	3.642629e-01	5.500468e-01
6.110607e-01	3.785380e-01	5.184284e-01
5.811423e-01	3.854295e-01	4.714687e-01
5.503173e-01	3.792764e-01	4.260056e-01
5.630100e-01	3.357125e-01	4.078578e-01
6.165005e-01	2.667979e-01	4.149673e-01
6.763373e-01	2.232341e-01	4.220767e-01
7.234814e-01	2.446468e-01	4.134705e-01
7.497733e-01	2.936254e-01	3.945744e-01
7.452403e-01	3.504799e-01	3.653882e-01
6.999093e-01	3.987202e-01	3.257250e-01
