3.040028e-01	6.071553e-01	9.435692e-01
3.158500e-01	4.260035e-01	9.329705e-01
3.342535e-01	3.961606e-01	9.278144e-01
3.531171e-01	4.481675e-01	9.212260e-01
3.649643e-01	4.982548e-01	9.046119e-01
3.651944e-01	4.862129e-01	8.722429e-01
3.563377e-01	4.307155e-01	8.152392e-01
3.396595e-01	3.431065e-01	7.327413e-01
3.171153e-01	3.406632e-01	6.614151e-01
2.906602e-01	4.993019e-01	6.250358e-01
2.709915e-01	6.286213e-01	6.181610e-01
2.669657e-01	6.136126e-01	6.430822e-01
2.781228e-01	5.996510e-01	6.645660e-01
3.057281e-01	6.673647e-01	6.579777e-01
3.403497e-01	6.830716e-01	6.439416e-01
3.745112e-01	5.951134e-01	6.284732e-01
3.987808e-01	5.572426e-01	5.886565e-01
4.084426e-01	6.020942e-01	5.267832e-01
4.039568e-01	6.335079e-01	4.806646e-01
3.903842e-01	6.254799e-01	4.594672e-01
3.819876e-01	5.586387e-01	4.548840e-01
3.811824e-01	4.621291e-01	4.634775e-01
3.834829e-01	4.472949e-01	4.838155e-01
3.835979e-01	5.216405e-01	5.010026e-01
3.692202e-01	6.089005e-01	4.749355e-01
3.394295e-01	6.795812e-01	4.076196e-01
3.036577e-01	7.083770e-01	3.443140e-01
2.677709e-01	6.872600e-01	3.030650e-01
2.408558e-01	6.401396e-01	2.795761e-01
2.298137e-01	5.804538e-01	2.778573e-01
2.317690e-01	5.280977e-01	3.125179e-01
2.469519e-01	5.005236e-01	3.955887e-01
2.673108e-01	4.986038e-01	4.703523e-01
2.868645e-01	5.270506e-01	4.938413e-01
3.067633e-01	5.305410e-01	4.995703e-01
3.267771e-01	4.668412e-01	5.050129e-01
3.503566e-01	4.293194e-01	5.267832e-01
3.795721e-01	4.760908e-01	5.780579e-01
4.159190e-01	4.698080e-01	6.144371e-01
4.596273e-01	3.385689e-01	6.098539e-01
4.918334e-01	2.745201e-01	5.946720e-01
5.026455e-01	3.561955e-01	5.806359e-01
5.024155e-01	4.633508e-01	5.602979e-01
4.951691e-01	5.445026e-01	5.339444e-01
4.828617e-01	6.013962e-01	5.110284e-01
4.685990e-01	6.190227e-01	4.992839e-01
4.561767e-01	5.951134e-01	4.909768e-01
4.491603e-01	5.181501e-01	4.820968e-01
4.547964e-01	4.417103e-01	4.886852e-01
4.815965e-01	4.130890e-01	5.287883e-01
5.190936e-01	4.390925e-01	5.792037e-01
5.586611e-01	5.392670e-01	6.204526e-01
5.954681e-01	6.130890e-01	6.462332e-01
6.242236e-01	5.654450e-01	6.482383e-01
6.481481e-01	4.710297e-01	6.425093e-01
6.697723e-01	3.848168e-01	6.433687e-01
6.844951e-01	3.062827e-01	6.393584e-01
6.882908e-01	2.436300e-01	6.215984e-01
6.923165e-01	1.479930e-01	6.112862e-01
7.046239e-01	0	6.204526e-01
7.200368e-01	7.539267e-02	6.121455e-01
7.326892e-01	3.994764e-01	5.743340e-01
7.255579e-01	5.727749e-01	5.247780e-01
6.978376e-01	5.591623e-01	4.654827e-01
6.564297e-01	4.462478e-01	3.855629e-01
6.065102e-01	3.054101e-01	3.027786e-01
5.547504e-01	2.719023e-01	2.569464e-01
5.059811e-01	3.565445e-01	2.532226e-01
4.642282e-01	4.425829e-01	2.638213e-01
4.338624e-01	4.719023e-01	2.764251e-01
4.141937e-01	4.956370e-01	3.042108e-01
4.070623e-01	5.333333e-01	3.546262e-01
4.066023e-01	5.483421e-01	4.041822e-01
4.070623e-01	4.959860e-01	4.276712e-01
4.110881e-01	4.336824e-01	4.437124e-01
4.201748e-01	4.338569e-01	4.714981e-01
4.385783e-01	4.746946e-01	5.156116e-01
4.713596e-01	5.359511e-01	5.837869e-01
5.211640e-01	5.897033e-01	6.708679e-01
5.922475e-01	5.902269e-01	7.742767e-01
6.782839e-01	5.783595e-01	8.779719e-01
7.727168e-01	6.111693e-01	9.647665e-01
8.566828e-01	6.069808e-01	1
9.123533e-01	4.930192e-01	9.524492e-01
9.408788e-01	4.287958e-01	8.705242e-01
9.413389e-01	5.195462e-01	7.877399e-01
9.242006e-01	6.263525e-01	7.066743e-01
8.974005e-01	6.635253e-01	6.402177e-01
8.613987e-01	6.893543e-01	5.746205e-01
8.156200e-01	7.600349e-01	4.892581e-01
7.673108e-01	8.366492e-01	4.044686e-01
7.273982e-01	8.532286e-01	3.506159e-01
6.997930e-01	8.006981e-01	3.360069e-01
6.773637e-01	7.567190e-01	3.365798e-01
6.576950e-01	7.713787e-01	3.405901e-01
6.384863e-01	8.055846e-01	3.503294e-01
6.153669e-01	8.361257e-01	3.672300e-01
5.921325e-01	8.621291e-01	3.878545e-01
5.716586e-01	8.844677e-01	4.030364e-01
5.591212e-01	8.973822e-01	4.202234e-01
5.649873e-01	8.823735e-01	4.586078e-01
5.915574e-01	8.424084e-01	5.221999e-01
6.274442e-01	8.329843e-01	5.943856e-01
6.656315e-01	8.752182e-01	6.648525e-01
6.961123e-01	8.778360e-01	7.121169e-01
7.106050e-01	7.956370e-01	7.209968e-01
7.163561e-01	7.335079e-01	7.155543e-01
7.161261e-01	7.493892e-01	7.081066e-01
7.173913e-01	7.642234e-01	7.095388e-01
7.277433e-01	7.289703e-01	7.338871e-01
7.413159e-01	6.750436e-01	7.605271e-01
7.550035e-01	6.202443e-01	7.757090e-01
7.612146e-01	5.764398e-01	7.725580e-01
7.495974e-01	5.595113e-01	7.390433e-01
7.261330e-01	5.673647e-01	6.871956e-01
6.958822e-01	6.048866e-01	6.276139e-01
6.648263e-01	6.579407e-01	5.708966e-01
6.395215e-01	7.048866e-01	5.307935e-01
6.244536e-01	7.420593e-01	5.121742e-01
6.245687e-01	7.774869e-01	5.190490e-01
6.407867e-01	8.092496e-01	5.471212e-01
6.627559e-01	8.186736e-01	5.634489e-01
6.846101e-01	8.005236e-01	5.505586e-01
7.023234e-01	8.127400e-01	5.316528e-01
7.119853e-01	8.872600e-01	5.161845e-01
7.165862e-01	9.331588e-01	4.869665e-01
7.177364e-01	8.973822e-01	4.354053e-01
7.224523e-01	8.598604e-01	3.875680e-01
7.368300e-01	8.685864e-01	3.606416e-01
7.548884e-01	8.895288e-01	3.534804e-01
7.731769e-01	9.045375e-01	3.683758e-01
7.864044e-01	9.174520e-01	3.778287e-01
7.887049e-01	9.287958e-01	3.574907e-01
7.841040e-01	9.406632e-01	3.242624e-01
7.747872e-01	9.567190e-01	2.896018e-01
7.630550e-01	9.624782e-01	2.626755e-01
7.506326e-01	9.465969e-01	2.595245e-01
7.418910e-01	8.928447e-01	2.704096e-01
7.464918e-01	7.270506e-01	2.815812e-01
7.593743e-01	5.565445e-01	2.961902e-01
7.716816e-01	6.240838e-01	3.271269e-01
7.812284e-01	8.551483e-01	3.669436e-01
7.876697e-01	9.240838e-01	3.947293e-01
7.923856e-01	7.928447e-01	4.061873e-01
8.012422e-01	7.289703e-01	4.142080e-01
8.175753e-01	8.116928e-01	4.239473e-01
8.413849e-01	8.305410e-01	4.431395e-01
8.720957e-01	7.127400e-01	4.740762e-01
8.949850e-01	7.020942e-01	4.803781e-01
9.014263e-01	8.905759e-01	4.448582e-01
8.910743e-01	9.902269e-01	4.007448e-01
8.623188e-01	8.640489e-01	3.640791e-01
8.255118e-01	7.554974e-01	3.276998e-01
7.875546e-01	8.085515e-01	2.916070e-01
7.521279e-01	9.038394e-01	2.652535e-01
7.267081e-01	9.720768e-01	2.623890e-01
7.068093e-01	1	2.715554e-01
6.879457e-01	9.349040e-01	2.812948e-01
6.687371e-01	8.204188e-01	2.875967e-01
6.480331e-01	7.787086e-01	2.818677e-01
6.259489e-01	8.445026e-01	2.641077e-01
6.103060e-01	8.984293e-01	2.549413e-01
6.058201e-01	8.748691e-01	2.669722e-01
6.159420e-01	8.321117e-01	3.033515e-01
6.455026e-01	8.013962e-01	3.735319e-01
6.842650e-01	7.685864e-01	4.422801e-01
7.241776e-01	7.216405e-01	4.752220e-01
7.579940e-01	6.991274e-01	4.924091e-01
7.781228e-01	7.389180e-01	5.101690e-01
7.851392e-01	7.581152e-01	5.127471e-01
7.776628e-01	6.835951e-01	4.866800e-01
7.646653e-01	5.984293e-01	4.563162e-01
7.555786e-01	5.708551e-01	4.425666e-01
7.445365e-01	5.820244e-01	4.417072e-01
7.264780e-01	6.310646e-01	4.577485e-01
7.007131e-01	6.900524e-01	4.729304e-01
6.629860e-01	7.190227e-01	4.543111e-01
6.177824e-01	7.150087e-01	4.122028e-01
5.740741e-01	6.811518e-01	3.772558e-01
5.380722e-01	6.218150e-01	3.637926e-01
5.152979e-01	5.759162e-01	3.680894e-01
5.134576e-01	5.769634e-01	3.938700e-01
5.244997e-01	6.022688e-01	4.319679e-01
5.417529e-01	6.401396e-01	4.717846e-01
5.639522e-01	6.781850e-01	5.153251e-01
5.893720e-01	7.036649e-01	5.671727e-01
6.178974e-01	7.043630e-01	6.207390e-01
6.479181e-01	6.387435e-01	6.637067e-01
6.820796e-01	5.643979e-01	7.020911e-01
7.287785e-01	6.155323e-01	7.579490e-01
7.772027e-01	7.195462e-01	8.089373e-01
8.095238e-01	7.109948e-01	8.106560e-01
8.226363e-01	6.347295e-01	7.719851e-01
8.102139e-01	5.870855e-01	7.115440e-01
7.812284e-01	5.661431e-01	6.382125e-01
7.481021e-01	5.523560e-01	5.577199e-01
7.180814e-01	5.567190e-01	4.829562e-01
7.003681e-01	6.214660e-01	4.348324e-01
7.000230e-01	7.495637e-01	4.236608e-01
7.065793e-01	8.179756e-01	4.308221e-01
7.147458e-01	7.445026e-01	4.477227e-01
7.283184e-01	6.698080e-01	4.786594e-01
7.489073e-01	6.966841e-01	5.253509e-01
7.782379e-01	7.610820e-01	5.855056e-01
8.196457e-01	8.310646e-01	6.648525e-01
8.671498e-01	8.174520e-01	7.232885e-01
9.152289e-01	5.856894e-01	7.075337e-01
9.608926e-01	4.588133e-01	7.012317e-01
1	7.022688e-01	7.682612e-01
9.980446e-01	8.746946e-01	7.410484e-01
9.454796e-01	8.115183e-01	5.726153e-01
8.826777e-01	7.570681e-01	4.408479e-01
8.250518e-01	7.603839e-01	3.898596e-01
7.732919e-01	7.422339e-01	3.617875e-01
7.336094e-01	6.614311e-01	3.325695e-01
7.022084e-01	5.771379e-01	3.136637e-01
6.796641e-01	5.335079e-01	3.090805e-01
6.594203e-01	5.228621e-01	3.116586e-01
6.298597e-01	5.478185e-01	3.085076e-01
5.942029e-01	5.926702e-01	3.039244e-01
5.615367e-01	6.251309e-01	3.116586e-01
5.377272e-01	6.314136e-01	3.380120e-01
5.281804e-01	6.331588e-01	3.852764e-01
5.392225e-01	6.383944e-01	4.580349e-01
5.632620e-01	6.602094e-01	5.416786e-01
5.962733e-01	7.198953e-01	6.276139e-01
6.314700e-01	7.732984e-01	7.038098e-01
6.606855e-01	7.682373e-01	7.562303e-01
6.840350e-01	7.356021e-01	7.845889e-01
6.994479e-01	7.082024e-01	7.868805e-01
7.118703e-01	6.923211e-01	7.671154e-01
7.292386e-01	7.017452e-01	7.278717e-01
7.462618e-01	7.223386e-01	6.797479e-01
7.540833e-01	7.340314e-01	6.425093e-01
7.520129e-01	7.308901e-01	6.087081e-01
7.387854e-01	6.993019e-01	5.554282e-01
7.175063e-01	6.474695e-01	4.895445e-01
6.956522e-01	6.057592e-01	4.460040e-01
6.789740e-01	5.937173e-01	4.448582e-01
6.747182e-01	6.212914e-01	4.666285e-01
6.911663e-01	7.218150e-01	5.041535e-01
7.250978e-01	7.516579e-01	5.474076e-01
7.784679e-01	5.200698e-01	5.840733e-01
8.362089e-01	2.659686e-01	6.178745e-01
8.822176e-01	2.726003e-01	6.553996e-01
9.129285e-01	4.144852e-01	6.820395e-01
9.236255e-01	5.609075e-01	6.800344e-01
9.155740e-01	7.024433e-01	6.539673e-01
8.881988e-01	8.249564e-01	6.069894e-01
8.501265e-01	9.022688e-01	5.496992e-01
8.115942e-01	8.787086e-01	4.918362e-01
7.737520e-01	8.001745e-01	4.428531e-01
7.353347e-01	7.204188e-01	4.119164e-01
7.004831e-01	6.710297e-01	4.056144e-01
6.778238e-01	6.905759e-01	4.334002e-01
6.736830e-01	8.092496e-01	5.024348e-01
6.772487e-01	8.937173e-01	5.711830e-01
6.834599e-01	8.621291e-01	6.144371e-01
7.008282e-01	7.856894e-01	6.453738e-01
7.329193e-01	7.024433e-01	6.674305e-01
7.590292e-01	6.136126e-01	6.533944e-01
7.676559e-01	5.399651e-01	5.989688e-01
7.487923e-01	5.485166e-01	5.365225e-01
7.066943e-01	6.198953e-01	4.686336e-01
6.527490e-01	6.767888e-01	3.715268e-01
5.973085e-01	7.057592e-01	2.695503e-01
5.571659e-01	7.071553e-01	2.242910e-01
5.357718e-01	6.820244e-01	2.420510e-01
5.236945e-01	6.427574e-01	2.784302e-01
5.167932e-01	5.961606e-01	3.116586e-01
5.077065e-01	5.432810e-01	3.279863e-01
4.909133e-01	4.876091e-01	3.125179e-01
4.734300e-01	4.647469e-01	3.004870e-01
4.590522e-01	5.082024e-01	3.165282e-01
4.539913e-01	5.401396e-01	3.537668e-01
4.657235e-01	4.801047e-01	4.113435e-01
4.897631e-01	4.216405e-01	4.886852e-01
5.239245e-01	4.659686e-01	5.926669e-01
5.590062e-01	5.514834e-01	6.797479e-01
5.843110e-01	6.143106e-01	6.977943e-01
6.005291e-01	6.699825e-01	6.800344e-01
6.061652e-01	7.425829e-01	6.637067e-01
6.085806e-01	7.921466e-01	6.465196e-01
6.170922e-01	7.424084e-01	6.270410e-01
6.318150e-01	6.645724e-01	6.075623e-01
6.570048e-01	6.825480e-01	6.004010e-01
6.827697e-01	7.577661e-01	5.895159e-01
6.894410e-01	7.970332e-01	5.393870e-01
6.760985e-01	7.863874e-01	4.571756e-01
6.514838e-01	7.335079e-01	3.786881e-01
6.193927e-01	6.516579e-01	3.185334e-01
5.839660e-01	5.951134e-01	2.790032e-01
5.491143e-01	6.101222e-01	2.686909e-01
5.180584e-01	6.307155e-01	2.738470e-01
4.957442e-01	5.834206e-01	2.827270e-01
4.806763e-01	5.249564e-01	2.996276e-01
4.710145e-01	5.523560e-01	3.351475e-01
4.667587e-01	6.500873e-01	3.844171e-01
4.666437e-01	7.101222e-01	4.291034e-01
4.708995e-01	6.825480e-01	4.600401e-01
4.907983e-01	6.799302e-01	5.007161e-01
5.347366e-01	7.717277e-01	5.645947e-01
5.962733e-01	8.354276e-01	6.485248e-01
6.729929e-01	7.652705e-01	7.565168e-01
7.508627e-01	6.298429e-01	8.550559e-01
8.160801e-01	4.760908e-01	9.089086e-01
8.647343e-01	4.054101e-01	9.183615e-01
8.904992e-01	5.518325e-01	8.759668e-01
9.025765e-01	7.279232e-01	8.092237e-01
9.102830e-01	7.080279e-01	7.479232e-01
9.124684e-01	6.122164e-01	6.923518e-01
9.093628e-01	6.001745e-01	6.490977e-01
8.982057e-01	6.483421e-01	6.107133e-01
8.718657e-01	7.146597e-01	5.588657e-01
8.317230e-01	7.753927e-01	4.947007e-01
7.875546e-01	7.914485e-01	4.328273e-01
7.460317e-01	7.223386e-01	3.821255e-01
7.081896e-01	6.424084e-01	3.491836e-01
6.780538e-01	6.253054e-01	3.514752e-01
6.559696e-01	6.479930e-01	3.775423e-01
6.437773e-01	6.881326e-01	4.127757e-01
6.400966e-01	7.249564e-01	4.497279e-01
6.365309e-01	7.078534e-01	4.849613e-01
6.276743e-01	6.008726e-01	5.130335e-01
6.185875e-01	4.565445e-01	5.267832e-01
6.107660e-01	2.895288e-01	5.144658e-01
6.058201e-01	2.190227e-01	5.067316e-01
6.057051e-01	4.212914e-01	5.362360e-01
6.105360e-01	6.237347e-01	5.731882e-01
6.199678e-01	4.684119e-01	5.783443e-01
6.337704e-01	2.312391e-01	5.849327e-01
6.514838e-01	2.628272e-01	6.379261e-01
6.732229e-01	3.924956e-01	7.012317e-01
7.007131e-01	4.254799e-01	7.367516e-01
7.226823e-01	4.200698e-01	7.255801e-01
7.269381e-01	4.326353e-01	6.396448e-01
7.172763e-01	4.544503e-01	5.322257e-01
6.954221e-01	4.808028e-01	4.586078e-01
6.666667e-01	5.186736e-01	4.018906e-01
6.368760e-01	5.883072e-01	3.503294e-01
6.055901e-01	6.551483e-01	3.070753e-01
5.694732e-01	6.685864e-01	2.738470e-01
5.334714e-01	6.249564e-01	2.555142e-01
5.083966e-01	5.397906e-01	2.612432e-01
5.011502e-01	4.256545e-01	2.979089e-01
5.088567e-01	3.876091e-01	3.617875e-01
5.324362e-01	5.083770e-01	4.543111e-01
5.649873e-01	6.251309e-01	5.534231e-01
6.013343e-01	6.116928e-01	6.425093e-01
6.390614e-01	5.504363e-01	7.052421e-01
6.756384e-01	4.972077e-01	7.209968e-01
7.043938e-01	4.776614e-01	7.069608e-01
7.161261e-01	5.333333e-01	6.751647e-01
7.216471e-01	6.026178e-01	6.462332e-01
7.338394e-01	6.095986e-01	6.516757e-01
7.467219e-01	5.876091e-01	6.668576e-01
7.541983e-01	5.780105e-01	6.608422e-01
7.530481e-01	5.841187e-01	6.336293e-01
7.361399e-01	6.237347e-01	5.829275e-01
7.064642e-01	6.738220e-01	5.176167e-01
6.742581e-01	6.724258e-01	4.571756e-01
6.438923e-01	5.980803e-01	4.124893e-01
6.116862e-01	5.108202e-01	3.769693e-01
5.761445e-01	4.438045e-01	3.514752e-01
5.438233e-01	4.075044e-01	3.362933e-01
5.204739e-01	4.272251e-01	3.268404e-01
5.094318e-01	4.891798e-01	3.397307e-01
5.189786e-01	6.089005e-01	4.127757e-01
5.425581e-01	7.120419e-01	5.144658e-01
5.677479e-01	6.139616e-01	5.751934e-01
5.884518e-01	4.003490e-01	5.918075e-01
5.975385e-01	3.687609e-01	5.883701e-01
