5.676597e-01	7.852168e-01	6.112100e-01
5.604810e-01	6.832173e-01	5.805160e-01
5.502513e-01	5.340373e-01	5.444840e-01
5.323044e-01	4.882049e-01	4.986655e-01
5.111271e-01	5.481914e-01	4.501779e-01
5.016152e-01	5.681869e-01	4.212633e-01
5.166906e-01	4.475399e-01	4.319395e-01
5.394831e-01	3.307122e-01	4.524021e-01
5.561737e-01	3.922714e-01	4.537367e-01
5.673008e-01	5.192092e-01	4.457295e-01
5.753769e-01	5.167378e-01	4.528470e-01
5.780689e-01	3.781173e-01	4.701957e-01
5.705312e-01	2.810604e-01	4.581851e-01
5.475592e-01	3.428443e-01	3.856762e-01
5.154343e-01	4.524826e-01	2.949288e-01
4.788227e-01	5.306673e-01	2.219751e-01
4.386217e-01	5.848124e-01	1.659253e-01
3.926777e-01	6.322175e-01	1.267794e-01
3.413496e-01	6.767019e-01	1.054270e-01
3.009691e-01	7.108515e-01	1.023132e-01
2.916368e-01	7.337677e-01	1.196619e-01
3.015075e-01	7.366884e-01	1.539146e-01
3.189160e-01	7.018647e-01	2.095196e-01
3.365039e-01	6.304201e-01	2.775801e-01
3.460158e-01	5.522355e-01	3.242883e-01
3.377602e-01	4.839362e-01	3.185053e-01
3.196339e-01	4.502359e-01	2.909253e-01
2.966619e-01	5.151651e-01	2.744662e-01
2.697416e-01	6.324421e-01	2.606762e-01
2.374372e-01	7.247809e-01	2.286477e-01
1.999282e-01	7.391597e-01	1.672598e-01
1.665470e-01	7.198382e-01	1.178826e-01
1.469849e-01	6.632217e-01	1.236655e-01
1.390883e-01	6.043586e-01	1.637011e-01
1.410625e-01	6.084026e-01	2.135231e-01
1.518306e-01	6.886093e-01	2.602313e-01
1.719311e-01	7.101775e-01	3.020463e-01
2.020818e-01	5.540328e-01	3.331851e-01
2.331299e-01	3.857560e-01	3.451957e-01
2.532304e-01	4.250730e-01	3.167260e-01
2.623833e-01	5.915525e-01	2.642349e-01
2.625628e-01	7.281510e-01	2.157473e-01
2.541278e-01	7.490452e-01	1.890569e-01
2.368988e-01	7.263536e-01	1.570285e-01
2.062096e-01	6.618737e-01	8.763345e-02
1.744436e-01	5.982925e-01	2.179715e-02
1.600861e-01	6.106493e-01	1.779359e-02
1.692391e-01	7.119748e-01	9.074733e-02
1.850323e-01	7.787014e-01	1.734875e-01
1.977746e-01	7.160189e-01	2.246441e-01
2.105169e-01	6.142440e-01	2.633452e-01
2.245154e-01	5.598742e-01	3.064947e-01
2.383345e-01	5.443721e-01	3.438612e-01
2.510768e-01	5.477421e-01	3.567616e-01
2.620244e-01	5.625702e-01	3.367438e-01
2.675879e-01	5.805437e-01	2.971530e-01
2.620244e-01	5.929005e-01	2.393238e-01
2.555635e-01	5.976185e-01	1.872776e-01
2.622039e-01	5.926758e-01	1.814947e-01
2.814070e-01	5.740283e-01	2.197509e-01
3.045585e-01	5.293193e-01	2.749110e-01
3.277100e-01	4.500112e-01	3.336299e-01
3.505025e-01	3.839587e-01	3.896797e-01
3.715004e-01	3.716019e-01	4.319395e-01
3.878320e-01	3.906987e-01	4.595196e-01
3.914214e-01	4.201303e-01	4.639680e-01
3.872936e-01	4.585486e-01	4.559609e-01
3.876525e-01	5.147158e-01	4.604093e-01
4.014716e-01	5.953718e-01	4.991103e-01
4.136755e-01	6.540103e-01	5.315836e-01
4.036253e-01	6.212087e-01	5.066726e-01
3.838837e-01	5.304426e-01	4.541815e-01
3.781407e-01	4.452932e-01	4.279359e-01
4.038047e-01	4.095709e-01	4.693060e-01
4.418521e-01	4.073242e-01	5.378114e-01
4.861809e-01	4.623680e-01	6.241103e-01
5.267408e-01	5.387553e-01	7.006228e-01
5.493539e-01	5.843631e-01	7.224199e-01
5.463029e-01	5.751517e-01	6.703737e-01
5.317660e-01	5.463941e-01	6.009786e-01
5.113065e-01	5.198832e-01	5.507117e-01
4.908471e-01	4.787688e-01	5.213523e-01
4.795406e-01	3.787913e-01	5.235765e-01
4.815147e-01	2.264660e-01	5.640569e-01
4.899497e-01	1.455853e-01	6.316726e-01
5.055635e-01	2.765671e-01	7.384342e-01
5.165111e-01	4.816895e-01	8.291815e-01
4.960517e-01	5.955965e-01	8.069395e-01
4.691314e-01	6.394069e-01	7.322064e-01
4.951543e-01	7.106268e-01	7.553381e-01
5.595836e-01	7.728600e-01	8.460854e-01
6.119885e-01	6.935520e-01	8.807829e-01
6.394472e-01	5.086497e-01	8.527580e-01
6.363963e-01	3.805886e-01	8.047153e-01
6.035535e-01	3.448663e-01	7.517794e-01
5.547380e-01	3.307122e-01	7.064057e-01
4.989232e-01	3.039766e-01	6.832740e-01
4.396985e-01	2.851045e-01	6.601423e-01
3.813711e-01	2.963379e-01	5.929715e-01
3.300431e-01	3.190294e-01	5.146797e-01
2.948672e-01	3.165581e-01	4.902135e-01
2.857143e-01	2.554482e-01	5.760676e-01
2.873295e-01	1.925410e-01	6.810498e-01
2.860732e-01	1.891710e-01	7.121886e-01
2.819454e-01	2.251180e-01	6.935053e-01
2.758435e-01	2.648843e-01	6.650356e-01
2.665111e-01	2.837565e-01	6.503559e-01
2.571788e-01	3.158841e-01	6.392349e-01
2.483848e-01	4.059762e-01	6.321174e-01
2.435391e-01	5.223545e-01	6.312278e-01
2.464106e-01	6.075039e-01	6.419039e-01
2.596913e-01	6.180634e-01	6.681495e-01
2.884063e-01	5.902044e-01	7.055160e-01
3.417085e-01	5.198832e-01	7.531139e-01
4.115219e-01	4.538306e-01	8.078292e-01
4.933597e-01	4.742754e-01	8.763345e-01
5.760948e-01	5.782970e-01	9.430605e-01
6.342426e-01	6.625477e-01	9.608541e-01
6.457286e-01	6.587284e-01	8.887900e-01
6.374731e-01	6.385082e-01	7.882562e-01
6.340632e-01	6.629971e-01	7.237544e-01
6.283202e-01	7.121995e-01	6.761566e-01
6.080402e-01	7.654460e-01	6.201068e-01
5.597631e-01	8.141991e-01	5.311388e-01
5.059225e-01	8.323972e-01	4.430605e-01
4.671572e-01	7.647720e-01	3.896797e-01
4.538765e-01	5.982925e-01	3.843416e-01
4.470567e-01	4.522579e-01	3.874555e-01
4.364681e-01	4.868569e-01	3.692171e-01
4.222900e-01	5.944732e-01	3.371886e-01
4.045226e-01	6.245787e-01	2.989324e-01
3.810122e-01	4.403505e-01	2.562278e-01
3.542714e-01	2.442148e-01	2.166370e-01
3.248385e-01	2.188272e-01	1.912811e-01
2.937904e-01	4.032802e-01	1.832740e-01
2.652548e-01	6.039092e-01	1.832740e-01
2.417444e-01	6.531117e-01	1.783808e-01
2.255922e-01	5.944732e-01	1.810498e-01
2.211055e-01	5.115704e-01	2.130783e-01
2.340273e-01	4.513592e-01	3.020463e-01
2.562814e-01	4.048528e-01	4.021352e-01
2.824838e-01	3.790160e-01	4.679715e-01
3.086863e-01	3.774433e-01	4.879893e-01
3.327351e-01	3.974388e-01	4.906584e-01
3.476310e-01	4.459672e-01	4.897687e-01
3.580402e-01	5.104471e-01	4.862100e-01
3.679110e-01	5.821164e-01	4.804270e-01
3.793970e-01	6.560324e-01	4.741993e-01
3.978823e-01	6.984947e-01	4.768683e-01
4.332376e-01	6.337902e-01	5.057829e-01
4.822326e-01	5.059537e-01	5.547153e-01
5.358938e-01	4.522579e-01	6.049822e-01
5.893754e-01	5.857111e-01	6.476868e-01
6.315506e-01	7.375871e-01	6.623665e-01
6.432161e-01	7.321950e-01	5.983096e-01
6.290380e-01	6.048079e-01	4.844306e-01
5.992462e-01	4.288924e-01	3.696619e-01
5.594042e-01	2.365761e-01	2.989324e-01
5.120244e-01	7.908335e-02	2.486655e-01
4.608758e-01	4.178836e-02	2.059609e-01
4.091888e-01	2.013031e-01	1.641459e-01
3.609117e-01	3.938441e-01	1.387900e-01
3.194544e-01	5.097731e-01	1.410142e-01
2.884063e-01	5.070771e-01	1.748221e-01
2.713568e-01	4.700067e-01	2.362100e-01
2.770998e-01	4.297911e-01	3.411922e-01
2.991744e-01	3.933947e-01	4.639680e-01
3.305815e-01	3.742979e-01	5.733986e-01
3.668342e-01	3.873287e-01	6.463523e-01
4.025485e-01	3.976634e-01	6.966192e-01
4.307251e-01	3.563244e-01	7.210854e-01
4.499282e-01	3.048753e-01	7.264235e-01
4.580043e-01	3.086947e-01	7.250890e-01
4.517229e-01	4.223770e-01	7.273132e-01
4.359296e-01	5.351606e-01	7.170819e-01
4.100861e-01	5.317906e-01	6.708185e-01
3.795765e-01	4.434958e-01	6.036477e-01
3.535535e-01	3.509324e-01	5.484875e-01
3.417085e-01	3.149854e-01	5.351423e-01
3.386576e-01	3.163334e-01	5.462633e-01
3.427854e-01	3.630645e-01	5.742883e-01
3.519383e-01	4.491126e-01	6.112100e-01
3.601938e-01	5.272972e-01	6.370107e-01
3.607322e-01	5.452707e-01	6.187722e-01
3.548098e-01	5.252752e-01	5.782918e-01
3.420675e-01	4.810155e-01	5.333630e-01
3.219670e-01	4.185576e-01	4.982206e-01
3.002513e-01	3.655358e-01	4.697509e-01
2.787150e-01	3.698045e-01	4.461744e-01
2.625628e-01	4.172096e-01	4.350534e-01
2.596913e-01	4.576500e-01	4.515125e-01
2.808686e-01	4.450685e-01	5.164591e-01
3.164034e-01	4.120422e-01	6.027580e-01
3.600144e-01	3.686812e-01	6.854982e-01
4.070352e-01	3.367783e-01	7.548932e-01
4.515434e-01	3.763199e-01	8.162811e-01
4.863604e-01	5.722310e-01	8.687722e-01
5.138191e-01	7.701640e-01	9.016904e-01
5.349964e-01	7.620759e-01	8.954626e-01
5.497128e-01	5.740283e-01	8.540925e-01
5.558148e-01	3.751966e-01	7.931495e-01
5.495334e-01	2.889238e-01	7.197509e-01
5.407394e-01	2.700517e-01	6.525801e-01
5.394831e-01	3.223995e-01	6.143238e-01
5.506102e-01	4.329364e-01	6.147687e-01
5.735822e-01	5.362840e-01	6.427936e-01
6.150395e-01	5.641429e-01	7.068505e-01
6.627782e-01	5.497641e-01	7.784698e-01
7.042355e-01	5.167378e-01	8.256228e-01
7.320531e-01	4.798922e-01	8.349644e-01
7.449749e-01	4.605707e-01	8.198399e-01
7.349246e-01	4.909009e-01	7.784698e-01
7.139268e-01	5.207818e-01	7.255338e-01
6.961594e-01	4.731521e-01	6.783808e-01
6.814429e-01	3.673332e-01	6.405694e-01
6.588299e-01	2.972366e-01	6.049822e-01
6.168342e-01	3.641878e-01	5.636121e-01
5.728643e-01	4.556279e-01	5.360320e-01
5.452261e-01	4.295664e-01	5.484875e-01
5.398421e-01	2.756684e-01	6.054270e-01
5.457645e-01	2.118625e-01	6.828292e-01
5.585068e-01	4.318131e-01	7.677936e-01
5.782484e-01	6.850146e-01	8.536477e-01
6.057071e-01	6.544597e-01	9.377224e-01
6.354989e-01	4.628173e-01	1
6.573941e-01	3.531791e-01	9.973310e-01
6.699569e-01	3.614918e-01	9.328292e-01
6.767767e-01	3.835093e-01	8.491993e-01
6.794688e-01	3.727252e-01	7.704626e-01
6.862886e-01	3.799146e-01	7.139680e-01
7.137473e-01	4.704561e-01	7.237544e-01
7.473080e-01	5.756010e-01	7.704626e-01
7.695621e-01	6.070546e-01	8.220641e-01
7.681263e-01	4.980903e-01	8.572064e-01
7.430007e-01	3.372276e-01	8.572064e-01
6.846734e-01	1.444619e-01	7.873665e-01
6.080402e-01	0	6.783808e-01
5.272793e-01	7.211863e-02	5.587189e-01
4.526202e-01	2.794878e-01	4.483986e-01
3.993180e-01	4.199056e-01	3.794484e-01
3.770639e-01	3.853067e-01	3.714413e-01
3.637832e-01	3.244215e-01	3.714413e-01
3.444006e-01	3.156594e-01	3.380783e-01
3.214286e-01	3.345316e-01	2.909253e-01
2.939698e-01	3.718266e-01	2.419929e-01
2.627423e-01	4.169849e-01	1.979537e-01
2.298995e-01	4.491126e-01	1.637011e-01
1.968772e-01	4.374298e-01	1.476868e-01
1.651113e-01	4.111436e-01	1.450178e-01
1.354989e-01	3.965401e-01	1.508007e-01
1.096554e-01	4.104696e-01	1.632562e-01
9.529792e-02	4.279937e-01	1.846085e-01
1.064250e-01	4.443945e-01	2.166370e-01
1.344221e-01	4.470905e-01	2.588968e-01
1.669060e-01	4.086722e-01	3.100534e-01
1.950826e-01	3.066727e-01	3.705516e-01
2.261307e-01	2.269153e-01	4.310498e-01
2.674085e-01	2.725230e-01	4.893238e-01
3.074300e-01	3.749719e-01	5.320285e-01
3.278894e-01	4.403505e-01	5.387011e-01
3.214286e-01	4.309144e-01	5.013345e-01
3.038406e-01	4.109189e-01	4.426157e-01
2.849964e-01	4.187823e-01	3.750000e-01
2.629218e-01	4.416985e-01	3.051601e-01
2.340273e-01	4.693327e-01	2.393238e-01
1.966978e-01	4.956190e-01	1.846085e-01
1.660086e-01	5.317906e-01	1.552491e-01
1.548816e-01	6.016625e-01	1.743772e-01
1.669060e-01	6.850146e-01	2.379893e-01
2.045944e-01	7.344417e-01	3.349644e-01
2.760230e-01	7.027634e-01	4.626335e-01
3.650395e-01	6.517636e-01	5.965302e-01
4.626705e-01	6.510896e-01	7.161922e-01
5.561737e-01	6.847899e-01	8.011566e-01
6.263460e-01	7.018647e-01	8.185053e-01
6.559584e-01	6.717592e-01	7.375445e-01
6.645729e-01	6.182880e-01	6.227758e-01
6.660086e-01	5.353853e-01	5.333630e-01
6.582915e-01	4.455179e-01	4.635231e-01
6.374731e-01	3.785666e-01	3.994662e-01
5.981694e-01	3.785666e-01	3.354093e-01
5.489950e-01	4.167603e-01	2.749110e-01
4.978464e-01	4.783195e-01	2.210854e-01
4.515434e-01	5.576275e-01	1.725979e-01
4.113424e-01	6.234554e-01	1.387900e-01
3.815506e-01	6.367109e-01	1.356762e-01
3.648600e-01	5.782970e-01	1.668149e-01
3.544508e-01	4.877556e-01	2.064057e-01
3.469131e-01	3.599191e-01	2.335409e-01
3.402728e-01	2.403954e-01	2.491103e-01
3.311199e-01	1.961357e-01	2.553381e-01
3.151472e-01	2.916199e-01	2.491103e-01
2.988155e-01	4.208043e-01	2.411032e-01
2.884063e-01	5.084251e-01	2.455516e-01
2.810481e-01	5.419007e-01	2.580071e-01
2.695621e-01	5.302179e-01	2.611210e-01
2.458722e-01	4.551786e-01	2.388790e-01
2.225413e-01	3.693552e-01	2.228648e-01
2.139268e-01	3.320602e-01	2.535587e-01
2.189519e-01	3.491350e-01	3.256228e-01
2.237976e-01	3.911481e-01	3.972420e-01
2.185930e-01	4.497866e-01	4.408363e-01
2.119526e-01	5.014603e-01	4.684164e-01
2.133884e-01	5.032577e-01	4.844306e-01
2.187724e-01	4.695574e-01	4.875445e-01
2.180546e-01	4.315884e-01	4.733096e-01
2.045944e-01	4.077735e-01	4.368327e-01
1.844939e-01	4.127162e-01	3.941281e-01
1.615219e-01	5.005617e-01	3.656584e-01
1.367552e-01	6.421029e-01	3.491993e-01
1.082197e-01	7.414064e-01	3.309609e-01
7.358220e-02	6.807459e-01	2.962633e-01
3.966260e-02	5.758257e-01	2.602313e-01
1.453697e-02	5.506628e-01	2.362100e-01
2.333094e-03	6.625477e-01	2.308719e-01
0	7.730847e-01	2.397687e-01
7.358220e-03	7.587059e-01	2.624555e-01
2.297200e-02	6.906313e-01	2.958185e-01
4.684135e-02	6.625477e-01	3.425267e-01
7.717157e-02	7.155695e-01	3.981317e-01
1.071429e-01	7.809481e-01	4.390569e-01
1.299354e-01	8.274545e-01	4.368327e-01
1.468055e-01	8.418333e-01	4.145907e-01
1.584709e-01	7.863401e-01	4.034698e-01
1.643934e-01	6.632217e-01	4.065836e-01
1.624192e-01	5.299933e-01	3.959075e-01
1.468055e-01	4.196810e-01	3.403025e-01
1.302943e-01	3.632891e-01	2.824733e-01
1.284996e-01	4.486632e-01	2.731317e-01
1.453697e-01	6.600764e-01	3.229537e-01
1.685212e-01	8.038643e-01	3.838968e-01
1.920316e-01	6.906313e-01	4.283808e-01
2.151831e-01	5.068524e-01	4.590747e-01
2.351041e-01	4.688834e-01	4.724199e-01
2.503589e-01	5.690856e-01	4.675267e-01
2.593324e-01	6.486183e-01	4.497331e-01
2.593324e-01	5.920018e-01	4.190391e-01
2.541278e-01	4.971916e-01	3.852313e-01
2.480258e-01	4.311391e-01	3.607651e-01
2.415650e-01	4.174343e-01	3.465302e-01
2.300790e-01	4.522579e-01	3.358541e-01
2.056712e-01	5.845877e-01	3.176157e-01
1.798277e-01	7.335430e-01	3.042705e-01
1.638550e-01	8.002696e-01	3.091637e-01
1.661881e-01	7.173669e-01	3.411922e-01
1.814429e-01	6.090766e-01	3.905694e-01
2.094401e-01	5.594248e-01	4.568505e-01
2.505384e-01	5.517861e-01	5.329181e-01
3.097631e-01	5.744776e-01	6.125445e-01
3.856784e-01	6.209840e-01	6.881673e-01
4.549533e-01	6.614244e-01	7.353203e-01
4.946159e-01	6.627724e-01	7.219751e-01
5.157933e-01	6.427769e-01	6.712633e-01
5.285355e-01	6.142440e-01	6.036477e-01
5.357143e-01	5.857111e-01	5.306940e-01
5.333812e-01	5.654909e-01	4.555160e-01
5.197416e-01	5.621209e-01	3.856762e-01
4.944365e-01	5.845877e-01	3.269573e-01
