8.688083e-01	6.598517e-01	2.784698e-01
8.535535e-01	8.627275e-01	2.299822e-01
8.427854e-01	7.847675e-01	2.117438e-01
8.298636e-01	5.659402e-01	2.059609e-01
8.077889e-01	3.466637e-01	1.957295e-01
7.541278e-01	3.987868e-01	1.370107e-01
6.904164e-01	6.283981e-01	6.049822e-02
6.600861e-01	8.249831e-01	2.669039e-02
6.767767e-01	8.991238e-01	5.827402e-02
7.049533e-01	8.616041e-01	1.254448e-01
7.277459e-01	6.852393e-01	2.184164e-01
7.526920e-01	5.385307e-01	2.984875e-01
7.817660e-01	5.576275e-01	3.287367e-01
8.056353e-01	6.277241e-01	3.278470e-01
8.144293e-01	6.576050e-01	3.007117e-01
8.129935e-01	6.647944e-01	2.629004e-01
8.097631e-01	6.670411e-01	2.473310e-01
7.993539e-01	6.587284e-01	2.335409e-01
7.620244e-01	6.048079e-01	1.605872e-01
7.096195e-01	5.371827e-01	5.249110e-02
6.932879e-01	5.987419e-01	3.825623e-02
7.372577e-01	8.382386e-01	1.725979e-01
7.977387e-01	9.977533e-01	3.158363e-01
8.546303e-01	9.299034e-01	3.972420e-01
9.099067e-01	7.155695e-01	4.488434e-01
9.590811e-01	3.664345e-01	4.724199e-01
9.926418e-01	1.031229e-01	4.679715e-01
1	1.500786e-01	4.319395e-01
9.933597e-01	3.111660e-01	3.794484e-01
9.870782e-01	4.026062e-01	3.247331e-01
9.739770e-01	4.405752e-01	2.726868e-01
9.380833e-01	4.140643e-01	2.250890e-01
8.914214e-01	3.668838e-01	1.908363e-01
8.607322e-01	3.972141e-01	1.899466e-01
8.519383e-01	5.095484e-01	2.206406e-01
8.530151e-01	5.953718e-01	2.500000e-01
8.594760e-01	6.084026e-01	2.620107e-01
8.594760e-01	5.895304e-01	2.580071e-01
8.438622e-01	5.502134e-01	2.330961e-01
8.208902e-01	5.075264e-01	2.068505e-01
7.959440e-01	4.798922e-01	2.024021e-01
7.675879e-01	4.724781e-01	2.010676e-01
7.300790e-01	4.992137e-01	1.690391e-01
6.918521e-01	5.544821e-01	1.250000e-01
6.685212e-01	6.362615e-01	1.032028e-01
6.656497e-01	7.281510e-01	1.174377e-01
6.774946e-01	7.703887e-01	1.579181e-01
7.019024e-01	7.243316e-01	2.241993e-01
7.322326e-01	6.160413e-01	2.989324e-01
7.632807e-01	4.493372e-01	3.705516e-01
7.839196e-01	3.345316e-01	4.137011e-01
7.837401e-01	3.729499e-01	4.048043e-01
7.704594e-01	4.520333e-01	3.487544e-01
7.498205e-01	4.738261e-01	2.357651e-01
7.234386e-01	4.767468e-01	1.201068e-01
6.943647e-01	4.989890e-01	8.852313e-02
6.618808e-01	5.338126e-01	9.786477e-02
6.157574e-01	5.648169e-01	6.450178e-02
5.681981e-01	5.982925e-01	5.338078e-03
5.513281e-01	6.656931e-01	0
5.757358e-01	7.667940e-01	7.250890e-02
6.170136e-01	8.440800e-01	1.766014e-01
6.640345e-01	8.645248e-01	2.904804e-01
7.105169e-01	8.283532e-01	3.652135e-01
7.476669e-01	7.252303e-01	3.620996e-01
7.670495e-01	6.079533e-01	3.256228e-01
7.573582e-01	5.169625e-01	2.806940e-01
7.318737e-01	4.419232e-01	2.348754e-01
7.026202e-01	3.716019e-01	2.104093e-01
6.674444e-01	3.356549e-01	1.903915e-01
6.188083e-01	3.967648e-01	1.459075e-01
5.646088e-01	5.311166e-01	8.718861e-02
5.244078e-01	6.618737e-01	5.293594e-02
5.116655e-01	7.409571e-01	6.583630e-02
5.091529e-01	7.463491e-01	9.875445e-02
5.080761e-01	6.239047e-01	1.361210e-01
5.145370e-01	4.949450e-01	1.872776e-01
5.353553e-01	5.124691e-01	2.660142e-01
5.649677e-01	6.171647e-01	3.540925e-01
5.954774e-01	7.665693e-01	4.194840e-01
6.254487e-01	8.829477e-01	4.661922e-01
6.577531e-01	7.834195e-01	5.111210e-01
6.902369e-01	4.691081e-01	5.604982e-01
7.153625e-01	3.412716e-01	6.156584e-01
7.263101e-01	5.225792e-01	6.708185e-01
7.076454e-01	6.625477e-01	6.628114e-01
6.670854e-01	6.910807e-01	5.947509e-01
6.572146e-01	7.993709e-01	5.720641e-01
6.810840e-01	9.254100e-01	5.969751e-01
7.103374e-01	7.515165e-01	6.023132e-01
7.356425e-01	3.742979e-01	5.840747e-01
7.483848e-01	1.570434e-01	5.636121e-01
7.449749e-01	1.516513e-01	5.400356e-01
7.229002e-01	2.878005e-01	5.044484e-01
6.839555e-01	5.165131e-01	4.546263e-01
6.407035e-01	6.982701e-01	3.905694e-01
6.031945e-01	7.074815e-01	3.096085e-01
5.644293e-01	6.627724e-01	2.228648e-01
5.150754e-01	6.596271e-01	1.330071e-01
4.659009e-01	6.742305e-01	5.516014e-02
4.326992e-01	6.576050e-01	9.341637e-03
4.260589e-01	5.902044e-01	9.341637e-03
4.312635e-01	5.675129e-01	4.003559e-02
4.398780e-01	7.027634e-01	9.830961e-02
4.563891e-01	8.593574e-01	1.730427e-01
4.876167e-01	8.413840e-01	2.526690e-01
5.290739e-01	6.695125e-01	3.282918e-01
5.678392e-01	4.753988e-01	3.896797e-01
5.960158e-01	3.264435e-01	4.274911e-01
6.215004e-01	2.235453e-01	4.475089e-01
6.496770e-01	2.035498e-01	4.497331e-01
6.695980e-01	2.437654e-01	4.368327e-01
6.615219e-01	3.325095e-01	4.070285e-01
6.340632e-01	4.493372e-01	3.723310e-01
6.182699e-01	5.648169e-01	3.567616e-01
6.328069e-01	6.546843e-01	3.785587e-01
6.518306e-01	6.998427e-01	4.137011e-01
6.615219e-01	6.638958e-01	4.515125e-01
6.669060e-01	5.933498e-01	4.857651e-01
6.735463e-01	5.403280e-01	5.035587e-01
6.776741e-01	5.126938e-01	5.013345e-01
6.690596e-01	5.052797e-01	4.684164e-01
6.423187e-01	5.221299e-01	3.990214e-01
6.112706e-01	5.749270e-01	3.296263e-01
5.890165e-01	7.139969e-01	3.087189e-01
5.690955e-01	8.640755e-01	3.073843e-01
5.405599e-01	9.139519e-01	2.855872e-01
4.964106e-01	7.807234e-01	2.157473e-01
4.574659e-01	6.391822e-01	1.605872e-01
4.465183e-01	6.544597e-01	1.890569e-01
4.531587e-01	7.596046e-01	2.629004e-01
4.621321e-01	8.478993e-01	3.256228e-01
4.637473e-01	8.562121e-01	3.380783e-01
4.635678e-01	8.353179e-01	3.429715e-01
4.606963e-01	7.960009e-01	3.669929e-01
4.556712e-01	7.472478e-01	3.945730e-01
4.486719e-01	7.005167e-01	4.048043e-01
4.396985e-01	6.650191e-01	3.896797e-01
4.291098e-01	6.412042e-01	3.674377e-01
4.178033e-01	6.376095e-01	3.536477e-01
4.045226e-01	6.474949e-01	3.398577e-01
3.835248e-01	6.567064e-01	3.087189e-01
3.567839e-01	6.650191e-01	2.620107e-01
3.470926e-01	7.126488e-01	2.477758e-01
3.763460e-01	8.611548e-01	3.149466e-01
4.267767e-01	9.764098e-01	4.137011e-01
4.847452e-01	8.310492e-01	4.924377e-01
5.419957e-01	5.520108e-01	5.453737e-01
5.895549e-01	4.459672e-01	5.774021e-01
6.216798e-01	5.834644e-01	5.849644e-01
6.381910e-01	7.423051e-01	5.591637e-01
6.360373e-01	7.939789e-01	4.906584e-01
6.209620e-01	7.948776e-01	4.039146e-01
5.938622e-01	7.445518e-01	3.207295e-01
5.603015e-01	6.656931e-01	2.495552e-01
5.254846e-01	5.929005e-01	1.975089e-01
4.944365e-01	5.639182e-01	1.774911e-01
4.718234e-01	5.648169e-01	1.832740e-01
4.642857e-01	6.021119e-01	2.144128e-01
4.750538e-01	6.679398e-01	2.677936e-01
5.023331e-01	7.178162e-01	3.305160e-01
5.511486e-01	6.982701e-01	3.945730e-01
6.049892e-01	6.740058e-01	4.492883e-01
6.423187e-01	7.420804e-01	4.759786e-01
6.590093e-01	8.908111e-01	4.728648e-01
6.649318e-01	1	4.501779e-01
6.651113e-01	9.714671e-01	4.123665e-01
6.559584e-01	8.701415e-01	3.629893e-01
6.299354e-01	7.214109e-01	3.029359e-01
5.913496e-01	5.594248e-01	2.406584e-01
5.572505e-01	4.439452e-01	1.997331e-01
5.441493e-01	4.545046e-01	2.090747e-01
5.398421e-01	5.176365e-01	2.402135e-01
5.346375e-01	5.587508e-01	2.700178e-01
5.253051e-01	5.686363e-01	2.882562e-01
5.147164e-01	5.933498e-01	2.931495e-01
5.023331e-01	6.688385e-01	2.722420e-01
4.890524e-01	7.476971e-01	2.419929e-01
4.772075e-01	7.778027e-01	2.166370e-01
4.666188e-01	7.418558e-01	2.041815e-01
4.542355e-01	6.883846e-01	1.970641e-01
4.307251e-01	6.479443e-01	1.903915e-01
4.061378e-01	6.221074e-01	1.912811e-01
3.935750e-01	6.176140e-01	2.099644e-01
4.045226e-01	6.470456e-01	2.553381e-01
4.239052e-01	6.793979e-01	3.131673e-01
4.377243e-01	6.870366e-01	3.763345e-01
4.497487e-01	6.697371e-01	4.368327e-01
4.723618e-01	6.367109e-01	4.826512e-01
5.141780e-01	5.890811e-01	5.022242e-01
5.585068e-01	5.443721e-01	5.080071e-01
5.891960e-01	5.340373e-01	5.071174e-01
6.080402e-01	5.419007e-01	5.017794e-01
6.211414e-01	5.306673e-01	4.942171e-01
6.308327e-01	4.713548e-01	4.893238e-01
6.320890e-01	4.226017e-01	4.675267e-01
6.132448e-01	4.576500e-01	3.807829e-01
5.863245e-01	5.387553e-01	2.766904e-01
5.707107e-01	5.978432e-01	2.419929e-01
5.816583e-01	5.888564e-01	3.429715e-01
6.019383e-01	5.560548e-01	4.661922e-01
6.222182e-01	5.113458e-01	5.164591e-01
6.423187e-01	4.736014e-01	5.209075e-01
6.609835e-01	4.749494e-01	5.182384e-01
6.782125e-01	5.248259e-01	5.186833e-01
6.966978e-01	5.812177e-01	5.071174e-01
7.221823e-01	6.176140e-01	4.746441e-01
7.419239e-01	6.342395e-01	4.288256e-01
7.343862e-01	6.209840e-01	3.709964e-01
7.044149e-01	5.816670e-01	3.104982e-01
6.803661e-01	5.277466e-01	2.664591e-01
6.835966e-01	4.607953e-01	2.593416e-01
6.954415e-01	4.282184e-01	2.709075e-01
7.044149e-01	5.261739e-01	2.998221e-01
7.065686e-01	6.973714e-01	3.305160e-01
6.986719e-01	8.103797e-01	3.362989e-01
6.758794e-01	7.645473e-01	2.922598e-01
6.451902e-01	6.780499e-01	2.322064e-01
6.119885e-01	6.353628e-01	1.774911e-01
5.768126e-01	6.301955e-01	1.338968e-01
5.382268e-01	6.299708e-01	1.045374e-01
4.947954e-01	6.169400e-01	9.919929e-02
4.511845e-01	6.108740e-01	1.036477e-01
4.082915e-01	6.454729e-01	9.297153e-02
3.715004e-01	7.081555e-01	7.295374e-02
3.558866e-01	7.279263e-01	8.318505e-02
3.781407e-01	6.234554e-01	1.632562e-01
4.231874e-01	5.073017e-01	2.700178e-01
4.781048e-01	5.246012e-01	3.616548e-01
5.389447e-01	6.414289e-01	4.323843e-01
6.042714e-01	7.360144e-01	4.902135e-01
6.701364e-01	7.503932e-01	5.333630e-01
7.250538e-01	7.328690e-01	5.520463e-01
7.557430e-01	6.966974e-01	5.351423e-01
7.670495e-01	6.394069e-01	4.982206e-01
7.568198e-01	5.385307e-01	4.555160e-01
7.316942e-01	4.284430e-01	4.150356e-01
7.045944e-01	3.862053e-01	3.865658e-01
6.853912e-01	4.738261e-01	3.794484e-01
6.703159e-01	5.886318e-01	3.790036e-01
6.624192e-01	6.569310e-01	3.745552e-01
6.552405e-01	6.841159e-01	3.674377e-01
6.405240e-01	6.654684e-01	3.616548e-01
6.145011e-01	6.030106e-01	3.572064e-01
5.811199e-01	5.230285e-01	3.478648e-01
5.389447e-01	4.342844e-01	3.282918e-01
4.931802e-01	3.733992e-01	2.980427e-01
4.452620e-01	4.151876e-01	2.442171e-01
4.003948e-01	5.650416e-01	1.730427e-01
3.716798e-01	6.933273e-01	1.365658e-01
3.788586e-01	6.780499e-01	1.930605e-01
4.048816e-01	5.890811e-01	3.020463e-01
4.330581e-01	4.935969e-01	4.337189e-01
4.565686e-01	4.138396e-01	5.622776e-01
4.761307e-01	3.399236e-01	6.472420e-01
4.888729e-01	2.747697e-01	6.450178e-01
4.933597e-01	2.361267e-01	6.094306e-01
4.836683e-01	2.655583e-01	5.836299e-01
4.646447e-01	3.266682e-01	5.680605e-01
4.432879e-01	3.565491e-01	5.685053e-01
4.237258e-01	3.192541e-01	5.898577e-01
3.993180e-01	3.154347e-01	5.987544e-01
3.585786e-01	4.738261e-01	5.435943e-01
3.167624e-01	6.767019e-01	4.733096e-01
2.950467e-01	7.638733e-01	4.568505e-01
3.025844e-01	6.668164e-01	5.217972e-01
3.230438e-01	5.142665e-01	6.045374e-01
3.501436e-01	3.516064e-01	6.725979e-01
3.776023e-01	2.518535e-01	7.250890e-01
3.921393e-01	4.019322e-01	7.459964e-01
3.975233e-01	6.861379e-01	7.428826e-01
4.052405e-01	8.155471e-01	7.322064e-01
4.221106e-01	5.899798e-01	7.255338e-01
4.362886e-01	3.628398e-01	7.126335e-01
4.366475e-01	4.288924e-01	6.837189e-01
4.325197e-01	6.335655e-01	6.525801e-01
4.352118e-01	8.045383e-01	6.432384e-01
4.479541e-01	8.753089e-01	6.570285e-01
4.639268e-01	8.550887e-01	6.668149e-01
4.804379e-01	6.987194e-01	6.539146e-01
4.933597e-01	5.252752e-01	6.298932e-01
4.958722e-01	4.983150e-01	6.036477e-01
4.895908e-01	5.598742e-01	5.716192e-01
4.790022e-01	5.946978e-01	5.244662e-01
4.659009e-01	5.389800e-01	4.577402e-01
4.497487e-01	4.879802e-01	3.861210e-01
4.249821e-01	5.365086e-01	3.087189e-01
4.018306e-01	6.236801e-01	2.482206e-01
3.921393e-01	6.647944e-01	2.362100e-01
4.066762e-01	5.971692e-01	3.016014e-01
4.352118e-01	5.275219e-01	3.865658e-01
4.746949e-01	5.490901e-01	4.377224e-01
5.235104e-01	6.128960e-01	4.795374e-01
5.823762e-01	6.558077e-01	5.533808e-01
6.455492e-01	6.596271e-01	6.530249e-01
6.965183e-01	6.299708e-01	7.153025e-01
7.212850e-01	5.565042e-01	6.948399e-01
7.345657e-01	5.086497e-01	6.419039e-01
7.485642e-01	5.922265e-01	5.911922e-01
7.561019e-01	7.151202e-01	5.404804e-01
7.422828e-01	7.339924e-01	4.862100e-01
7.089017e-01	6.301955e-01	4.328292e-01
6.832376e-01	5.533588e-01	3.967972e-01
6.868270e-01	6.034599e-01	3.936833e-01
6.954415e-01	6.659178e-01	4.083630e-01
6.870065e-01	6.227814e-01	4.412811e-01
6.667265e-01	5.228039e-01	4.697509e-01
6.428571e-01	4.338351e-01	4.501779e-01
6.177315e-01	3.821613e-01	3.763345e-01
5.897344e-01	3.608178e-01	2.998221e-01
5.595836e-01	3.857560e-01	2.624555e-01
5.278177e-01	4.291171e-01	2.451068e-01
4.958722e-01	4.567513e-01	2.353203e-01
4.646447e-01	4.601213e-01	2.299822e-01
4.350323e-01	4.731521e-01	2.326512e-01
4.034458e-01	5.407774e-01	2.424377e-01
3.838837e-01	5.982925e-01	2.677936e-01
3.969849e-01	5.394293e-01	3.238434e-01
4.447236e-01	3.736239e-01	4.083630e-01
5.014358e-01	2.900472e-01	4.973310e-01
5.536612e-01	4.140643e-01	5.742883e-01
6.013999e-01	5.542575e-01	6.285587e-01
6.403446e-01	5.529095e-01	6.396797e-01
6.681622e-01	4.996630e-01	6.214413e-01
6.803661e-01	5.111211e-01	5.827402e-01
6.780330e-01	5.567288e-01	5.324733e-01
6.625987e-01	5.538081e-01	4.808719e-01
6.353195e-01	4.756235e-01	4.341637e-01
5.940416e-01	3.850820e-01	3.772242e-01
5.340991e-01	3.161087e-01	2.971530e-01
4.761307e-01	2.716244e-01	2.264235e-01
4.456210e-01	2.743204e-01	2.024021e-01
4.422111e-01	3.113907e-01	2.273132e-01
4.565686e-01	3.558751e-01	2.940391e-01
4.852836e-01	3.893507e-01	4.030249e-01
5.256640e-01	4.147383e-01	5.191281e-01
5.789663e-01	4.309144e-01	6.161032e-01
6.299354e-01	4.223770e-01	6.841637e-01
6.554200e-01	3.334082e-01	6.903915e-01
6.590093e-01	2.181532e-01	6.552491e-01
6.550610e-01	2.080431e-01	6.223310e-01
6.505743e-01	3.769939e-01	6.178826e-01
6.399856e-01	5.567288e-01	6.174377e-01
6.225772e-01	6.027859e-01	6.156584e-01
5.965542e-01	5.650416e-01	6.032028e-01
5.561737e-01	4.897776e-01	5.596085e-01
4.994616e-01	4.005841e-01	4.741993e-01
4.497487e-01	3.266682e-01	3.994662e-01
4.335966e-01	3.262188e-01	3.883452e-01
4.371859e-01	3.603685e-01	4.177046e-01
4.413137e-01	3.799146e-01	4.653025e-01
4.402369e-01	3.657605e-01	5.182384e-01
4.519024e-01	3.520557e-01	5.738434e-01
4.895908e-01	3.529544e-01	6.267794e-01
5.326633e-01	3.733992e-01	6.677046e-01
5.579684e-01	4.288924e-01	6.801601e-01
5.680187e-01	5.104471e-01	6.712633e-01
5.716080e-01	6.144687e-01	6.539146e-01
