5.878694e-01	9.447415e-02	5.389635e-01
6.117807e-01	3.133141e-01	5.788868e-01
6.500778e-01	5.104895e-01	5.850288e-01
6.881804e-01	6.572055e-01	5.485605e-01
7.290047e-01	7.297408e-01	5.036468e-01
7.669129e-01	7.463321e-01	4.667946e-01
7.851866e-01	7.943233e-01	4.318618e-01
7.941291e-01	7.504456e-01	4.057582e-01
7.951011e-01	5.359934e-01	3.815739e-01
6.979005e-01	4.690799e-01	2.433781e-01
5.606532e-01	5.150144e-01	6.449136e-02
5.104977e-01	5.063760e-01	0
4.966952e-01	4.493350e-01	1.381958e-02
4.683126e-01	3.214041e-01	7.562380e-02
4.424572e-01	2.754696e-01	1.669866e-01
4.311820e-01	4.825175e-01	2.690979e-01
4.615086e-01	5.691759e-01	3.570058e-01
5.489891e-01	2.905526e-01	4.095969e-01
6.259720e-01	2.760181e-01	4.529750e-01
6.625194e-01	5.531331e-01	4.790787e-01
6.500778e-01	5.604004e-01	4.372361e-01
6.170295e-01	4.694913e-01	3.696737e-01
5.962286e-01	5.029480e-01	3.266795e-01
5.814541e-01	5.471000e-01	2.902111e-01
5.730949e-01	5.416152e-01	2.556622e-01
5.878694e-01	5.486083e-01	2.533589e-01
6.267496e-01	5.827506e-01	2.913628e-01
6.450233e-01	6.037296e-01	3.224568e-01
6.407465e-01	5.628685e-01	3.362764e-01
6.403577e-01	3.164678e-01	3.393474e-01
6.625194e-01	1.164130e-01	3.765835e-01
7.253110e-01	2.521596e-01	4.959693e-01
7.997667e-01	3.895516e-01	5.738964e-01
8.543935e-01	4.046346e-01	5.566219e-01
8.330093e-01	4.725079e-01	4.856046e-01
7.879082e-01	5.248869e-01	4.072937e-01
7.818818e-01	4.747018e-01	3.723608e-01
7.834370e-01	4.369944e-01	3.754319e-01
7.768274e-01	4.856712e-01	4.142035e-01
7.731337e-01	5.616344e-01	4.429942e-01
7.690513e-01	6.314274e-01	4.441459e-01
7.330871e-01	6.406143e-01	4.165067e-01
6.840980e-01	5.860414e-01	3.877159e-01
6.631026e-01	4.692171e-01	4.011516e-01
6.527994e-01	3.626765e-01	4.410749e-01
6.331649e-01	3.423831e-01	4.905950e-01
6.323872e-01	3.567805e-01	5.228407e-01
6.599922e-01	3.744687e-01	5.274472e-01
6.815708e-01	4.051831e-01	5.404990e-01
6.897356e-01	3.754285e-01	5.523992e-01
6.829316e-01	1.949815e-01	5.439539e-01
6.747667e-01	1.080488e-01	5.366603e-01
6.732115e-01	2.258330e-01	5.416507e-01
6.722395e-01	3.486905e-01	5.428023e-01
6.839036e-01	4.397367e-01	5.608445e-01
7.227838e-01	4.960921e-01	6.226488e-01
7.336703e-01	5.165227e-01	6.360845e-01
7.002333e-01	5.088441e-01	5.746641e-01
6.634914e-01	4.930756e-01	5.082534e-01
6.428849e-01	5.139175e-01	4.687140e-01
6.539658e-01	6.088030e-01	4.821497e-01
6.745723e-01	6.114082e-01	5.071017e-01
6.858476e-01	5.307829e-01	5.147793e-01
6.646579e-01	5.865899e-01	4.806142e-01
6.323872e-01	6.351296e-01	4.395393e-01
6.104199e-01	5.416152e-01	4.268714e-01
5.878694e-01	5.092555e-01	4.418426e-01
5.660964e-01	5.698615e-01	4.840691e-01
5.571540e-01	5.584807e-01	5.489443e-01
5.660964e-01	5.588921e-01	6.034549e-01
5.954510e-01	6.606335e-01	6.165067e-01
6.351089e-01	6.131907e-01	6.483685e-01
6.724339e-01	4.977376e-01	6.760077e-01
6.916796e-01	5.900178e-01	6.280230e-01
7.070373e-01	7.061566e-01	6.337812e-01
7.243390e-01	7.232963e-01	7.105566e-01
7.350311e-01	5.734266e-01	6.671785e-01
7.424184e-01	5.044563e-01	5.777351e-01
7.468896e-01	7.138352e-01	5.297505e-01
7.146190e-01	6.796929e-01	4.733205e-01
6.518274e-01	4.561909e-01	4.126679e-01
5.845645e-01	4.352118e-01	3.746641e-01
5.332426e-01	5.039079e-01	3.612284e-01
5.225505e-01	5.121349e-01	3.738964e-01
5.336314e-01	5.102153e-01	4.061420e-01
5.511275e-01	5.344851e-01	4.502879e-01
5.579316e-01	5.972851e-01	4.902111e-01
5.534603e-01	6.606335e-01	5.170825e-01
5.631804e-01	5.697244e-01	5.289827e-01
5.902022e-01	4.150555e-01	5.550864e-01
6.347201e-01	3.225010e-01	6.238004e-01
6.982893e-01	4.938983e-01	7.021113e-01
7.661353e-01	7.877417e-01	7.470250e-01
8.089036e-01	7.381050e-01	6.994242e-01
8.199844e-01	5.875497e-01	6.445298e-01
7.995723e-01	5.273550e-01	6.326296e-01
7.649689e-01	5.575209e-01	5.785029e-01
7.208398e-01	6.258056e-01	4.890595e-01
6.679627e-01	6.266283e-01	3.984645e-01
6.065319e-01	5.928973e-01	3.163148e-01
5.371306e-01	5.604004e-01	2.525912e-01
4.725894e-01	5.412039e-01	2.272553e-01
4.241835e-01	5.495681e-01	2.595010e-01
3.837481e-01	5.852187e-01	2.982726e-01
3.466174e-01	6.543261e-01	3.047985e-01
3.335925e-01	6.892911e-01	3.274472e-01
3.600311e-01	6.384204e-01	4.003839e-01
3.821928e-01	6.082545e-01	4.476008e-01
3.800544e-01	6.484300e-01	4.441459e-01
3.845257e-01	7.194570e-01	4.955854e-01
4.045490e-01	7.644316e-01	5.930902e-01
4.436236e-01	6.388318e-01	6.307102e-01
4.976672e-01	4.726450e-01	6.687140e-01
5.600700e-01	4.241053e-01	7.808061e-01
6.125583e-01	5.018511e-01	8.836852e-01
6.475505e-01	6.396545e-01	9.385797e-01
6.667963e-01	6.574798e-01	9.328215e-01
6.825428e-01	5.979707e-01	8.852207e-01
7.050933e-01	5.290004e-01	8.203455e-01
7.315319e-01	5.734266e-01	7.831094e-01
7.622473e-01	7.068422e-01	7.700576e-01
7.991835e-01	8.238036e-01	7.523992e-01
8.124028e-01	8.517757e-01	6.998081e-01
7.857698e-01	7.636089e-01	6.034549e-01
7.496112e-01	7.112299e-01	5.470250e-01
7.229782e-01	6.920335e-01	5.347409e-01
7.305599e-01	6.168929e-01	5.366603e-01
7.428072e-01	5.795969e-01	5.355086e-01
7.295879e-01	6.598108e-01	5.163148e-01
6.706843e-01	7.134238e-01	4.606526e-01
5.832037e-01	7.030029e-01	3.838772e-01
5.386858e-01	6.716029e-01	3.543186e-01
5.316874e-01	6.101741e-01	3.658349e-01
5.423795e-01	4.763472e-01	4.023033e-01
5.544323e-01	3.792678e-01	4.333973e-01
5.528771e-01	4.294529e-01	4.291747e-01
5.227449e-01	4.073769e-01	4.280230e-01
4.642302e-01	2.795832e-01	4.426104e-01
4.020218e-01	3.831071e-01	4.452975e-01
3.617807e-01	5.919375e-01	4.529750e-01
3.748056e-01	6.498012e-01	4.971209e-01
3.938569e-01	6.477444e-01	5.239923e-01
3.845257e-01	6.529549e-01	4.998081e-01
3.699456e-01	6.232003e-01	4.852207e-01
3.510886e-01	5.838475e-01	4.959693e-01
3.240669e-01	5.828877e-01	5.362764e-01
3.075428e-01	5.708213e-01	5.547025e-01
3.129860e-01	5.239271e-01	5.324376e-01
3.312597e-01	5.348965e-01	5.808061e-01
3.522551e-01	5.577951e-01	6.506718e-01
3.643079e-01	5.176196e-01	6.537428e-01
3.565319e-01	5.335253e-01	6.387716e-01
3.306765e-01	6.340326e-01	6.264875e-01
3.120140e-01	6.795557e-01	5.953935e-01
3.139580e-01	7.060195e-01	5.696737e-01
3.456454e-01	7.696421e-01	5.788868e-01
3.676128e-01	8.099548e-01	5.923225e-01
3.695568e-01	7.951460e-01	5.892514e-01
3.687792e-01	7.060195e-01	5.485605e-01
3.693624e-01	6.411628e-01	5.454894e-01
3.775272e-01	6.743453e-01	6.345489e-01
4.335148e-01	6.648841e-01	6.967370e-01
4.982504e-01	6.418483e-01	7.028791e-01
5.114697e-01	6.740710e-01	6.495202e-01
5.106921e-01	6.189497e-01	5.808061e-01
5.048600e-01	5.392842e-01	5.301344e-01
4.813375e-01	6.877828e-01	5.343570e-01
4.690902e-01	8.347731e-01	5.289827e-01
4.908631e-01	7.966543e-01	4.698656e-01
5.196345e-01	7.863705e-01	4.495202e-01
5.344090e-01	8.084465e-01	4.664107e-01
5.157465e-01	8.131085e-01	4.913628e-01
4.830871e-01	7.257644e-01	4.863724e-01
4.543157e-01	6.019471e-01	4.529750e-01
4.494557e-01	6.566571e-01	4.330134e-01
4.758942e-01	6.510352e-01	4.510557e-01
5.276050e-01	4.583848e-01	5.094050e-01
5.489891e-01	5.130947e-01	5.343570e-01
5.414075e-01	6.990265e-01	5.293666e-01
5.157465e-01	8.144796e-01	5.113244e-01
4.832815e-01	6.529549e-01	4.959693e-01
4.578149e-01	4.007953e-01	4.886756e-01
4.550933e-01	5.047306e-01	4.902111e-01
4.712286e-01	5.192650e-01	5.159309e-01
5.000000e-01	2.906897e-01	5.692898e-01
5.332426e-01	3.729604e-01	6.376200e-01
5.639580e-01	5.417524e-01	6.760077e-01
5.824261e-01	5.561497e-01	6.487524e-01
5.612364e-01	5.944056e-01	5.869482e-01
5.046656e-01	6.620047e-01	5.024952e-01
4.265163e-01	7.309749e-01	4.034549e-01
3.672240e-01	7.486631e-01	3.431862e-01
3.656687e-01	6.652955e-01	3.723608e-01
3.734448e-01	5.974222e-01	4.230326e-01
3.580871e-01	6.337584e-01	4.468330e-01
3.530327e-01	7.174002e-01	4.679463e-01
3.783048e-01	8.083093e-01	4.998081e-01
4.214619e-01	7.830797e-01	5.577735e-01
4.720062e-01	6.610448e-01	6.253359e-01
5.114697e-01	6.643357e-01	6.218810e-01
5.363530e-01	7.407103e-01	5.950096e-01
5.468507e-01	8.037845e-01	6.065259e-01
5.785381e-01	8.181818e-01	6.591171e-01
6.397745e-01	7.847251e-01	7.285988e-01
7.111198e-01	7.563417e-01	7.531670e-01
7.330871e-01	7.239819e-01	6.817658e-01
6.689347e-01	6.827094e-01	4.986564e-01
6.022551e-01	6.713287e-01	3.389635e-01
5.519051e-01	6.903880e-01	2.357006e-01
5.163297e-01	7.313863e-01	1.919386e-01
4.943624e-01	7.666255e-01	1.984645e-01
4.764774e-01	7.250788e-01	2.383877e-01
4.681182e-01	6.593994e-01	2.909789e-01
4.861975e-01	7.322090e-01	3.190019e-01
5.128305e-01	7.792404e-01	3.431862e-01
5.264386e-01	6.175785e-01	3.873321e-01
5.260498e-01	4.546826e-01	4.107486e-01
5.171073e-01	4.084739e-01	4.046065e-01
5.241058e-01	5.266694e-01	4.195777e-01
5.534603e-01	6.677636e-01	4.618042e-01
6.034215e-01	6.572055e-01	5.232246e-01
6.323872e-01	6.007130e-01	5.255278e-01
6.246112e-01	5.523104e-01	4.698656e-01
5.833981e-01	5.392842e-01	4.310940e-01
5.344090e-01	5.200878e-01	4.026871e-01
5.021384e-01	4.683944e-01	3.769674e-01
5.038880e-01	5.890580e-01	4.188100e-01
5.332426e-01	8.402578e-01	4.998081e-01
5.451011e-01	8.386124e-01	4.406910e-01
5.283826e-01	6.687234e-01	3.562380e-01
4.817263e-01	4.744275e-01	3.654511e-01
4.356532e-01	5.130947e-01	3.930902e-01
4.064930e-01	6.499383e-01	4.076775e-01
4.062986e-01	4.819690e-01	3.873321e-01
4.144635e-01	3.939394e-01	3.750480e-01
4.148523e-01	5.776772e-01	3.927063e-01
4.029938e-01	6.163444e-01	4.030710e-01
3.755832e-01	6.000274e-01	4.034549e-01
3.316485e-01	6.854518e-01	3.988484e-01
3.135692e-01	7.563417e-01	4.341651e-01
3.341757e-01	7.468806e-01	5.009597e-01
3.755832e-01	6.181270e-01	5.289827e-01
4.232115e-01	6.247086e-01	5.635317e-01
4.640358e-01	8.318936e-01	6.241843e-01
4.916407e-01	7.586727e-01	6.491363e-01
5.019440e-01	6.567942e-01	6.264875e-01
4.984448e-01	7.782805e-01	5.627639e-01
5.332426e-01	7.287810e-01	5.562380e-01
5.863142e-01	6.378719e-01	5.704415e-01
6.125583e-01	7.725216e-01	5.282150e-01
5.898134e-01	8.376525e-01	5.193858e-01
5.349922e-01	7.581242e-01	5.332054e-01
5.005832e-01	6.023584e-01	4.783109e-01
4.786159e-01	5.291375e-01	4.057582e-01
4.609253e-01	6.765391e-01	3.685221e-01
4.673406e-01	7.618264e-01	4.026871e-01
4.924184e-01	7.095845e-01	4.890595e-01
4.842535e-01	7.386535e-01	4.886756e-01
4.508165e-01	7.460579e-01	4.499040e-01
4.070762e-01	6.189497e-01	4.383877e-01
3.592535e-01	6.129165e-01	4.333973e-01
3.254277e-01	7.334430e-01	4.326296e-01
3.541991e-01	6.598108e-01	4.560461e-01
4.057154e-01	5.274921e-01	4.802303e-01
4.300156e-01	5.195393e-01	4.786948e-01
4.399300e-01	5.816536e-01	4.633397e-01
4.377916e-01	6.728370e-01	4.464491e-01
4.169907e-01	7.481146e-01	4.449136e-01
4.080482e-01	7.877417e-01	4.556622e-01
4.313764e-01	7.825312e-01	4.748560e-01
4.576205e-01	7.596325e-01	5.097889e-01
4.708398e-01	7.209653e-01	5.301344e-01
4.582037e-01	6.663924e-01	5.001919e-01
4.302100e-01	6.907994e-01	4.936660e-01
3.977449e-01	7.607295e-01	5.232246e-01
3.713064e-01	6.466475e-01	5.289827e-01
3.687792e-01	5.728781e-01	5.270633e-01
3.998834e-01	7.337173e-01	5.355086e-01
4.146579e-01	8.062526e-01	5.454894e-01
3.956065e-01	7.551076e-01	5.431862e-01
3.353421e-01	6.496641e-01	5.101727e-01
2.760498e-01	5.575209e-01	4.840691e-01
2.496112e-01	5.258467e-01	4.875240e-01
2.505832e-01	5.155629e-01	4.648752e-01
2.682737e-01	5.257096e-01	4.426104e-01
2.760498e-01	5.749349e-01	5.266795e-01
2.849922e-01	6.408885e-01	6.222649e-01
3.038491e-01	6.949129e-01	6.441459e-01
2.964619e-01	6.600850e-01	6.368522e-01
2.737170e-01	6.109968e-01	6.264875e-01
2.698289e-01	7.267243e-01	6.449136e-01
2.884914e-01	8.180447e-01	6.579655e-01
3.201788e-01	7.370081e-01	6.337812e-01
2.573872e-01	6.238859e-01	5.408829e-01
1.201400e-01	5.398327e-01	4.134357e-01
3.557543e-02	5.625943e-01	3.523992e-01
0	6.502125e-01	3.573896e-01
1.166407e-03	7.378308e-01	4.360845e-01
2.566096e-02	8.032360e-01	5.424184e-01
5.248834e-02	8.462910e-01	5.811900e-01
7.737170e-02	8.135198e-01	5.842610e-01
9.758942e-02	6.022213e-01	6.207294e-01
1.259720e-01	4.175237e-01	6.790787e-01
1.761275e-01	4.563280e-01	7.474088e-01
2.746890e-01	5.045934e-01	8.165067e-01
4.127138e-01	4.958179e-01	8.829175e-01
5.132193e-01	5.719183e-01	9.700576e-01
5.596812e-01	6.731112e-01	9.877159e-01
5.466563e-01	7.193199e-01	8.445298e-01
5.206065e-01	6.938160e-01	7.021113e-01
5.069984e-01	6.041410e-01	6.383877e-01
4.972784e-01	5.608117e-01	5.930902e-01
4.860031e-01	5.953654e-01	5.477927e-01
4.412908e-01	6.508981e-01	4.840691e-01
3.687792e-01	6.979295e-01	4.095969e-01
3.125972e-01	6.787330e-01	3.715931e-01
2.879082e-01	5.970108e-01	3.781190e-01
2.921851e-01	5.512135e-01	3.880998e-01
3.221229e-01	5.774030e-01	3.884837e-01
3.435070e-01	5.822021e-01	4.065259e-01
3.452566e-01	5.598519e-01	4.468330e-01
3.421462e-01	6.323872e-01	5.024952e-01
3.444790e-01	7.656657e-01	5.585413e-01
3.775272e-01	7.416701e-01	5.642994e-01
4.337092e-01	6.038667e-01	5.481766e-01
4.764774e-01	5.682161e-01	6.145873e-01
5.215785e-01	6.070204e-01	6.986564e-01
5.935070e-01	6.670780e-01	7.105566e-01
6.378305e-01	6.902509e-01	6.744722e-01
6.178072e-01	6.307418e-01	6.165067e-01
5.999222e-01	4.896476e-01	6.349328e-01
5.962286e-01	3.521185e-01	7.132438e-01
5.909798e-01	4.132730e-01	7.397313e-01
5.911742e-01	4.892363e-01	7.328215e-01
6.020607e-01	4.393254e-01	7.155470e-01
6.246112e-01	3.777595e-01	6.894434e-01
6.442457e-01	3.464966e-01	6.982726e-01
6.411353e-01	3.774853e-01	7.984645e-01
6.251944e-01	4.330180e-01	8.587332e-01
6.045879e-01	4.832031e-01	8.261036e-01
5.870918e-01	5.078843e-01	7.930902e-01
5.614308e-01	4.821061e-01	7.535509e-01
5.165241e-01	4.053202e-01	6.967370e-01
4.624806e-01	4.039490e-01	6.318618e-01
4.012442e-01	4.411079e-01	5.696737e-01
3.337869e-01	4.215001e-01	5.232246e-01
2.818818e-01	3.672014e-01	5.143954e-01
2.624417e-01	2.985054e-01	5.612284e-01
2.375583e-01	2.871246e-01	6.076775e-01
1.969285e-01	3.530783e-01	6.291747e-01
2.089813e-01	3.170163e-01	6.598848e-01
2.511664e-01	2.476347e-01	7.021113e-01
2.649689e-01	3.109831e-01	7.516315e-01
2.688569e-01	4.184835e-01	7.650672e-01
2.791602e-01	5.056904e-01	7.358925e-01
3.137636e-01	5.549157e-01	7.642994e-01
3.744168e-01	5.601261e-01	8.291747e-01
