4.436497e-01	9.742408e-01	6.489068e-01
3.431278e-01	1	5.737623e-01
2.669631e-01	9.932984e-01	5.089218e-01
2.060700e-01	9.735079e-01	4.481025e-01
1.473033e-01	9.693194e-01	3.782357e-01
8.892326e-02	9.838743e-01	3.066097e-01
4.388169e-02	9.760209e-01	2.834883e-01
2.706360e-02	9.439791e-01	3.068610e-01
6.495264e-02	9.202094e-01	3.304850e-01
1.561956e-01	8.825131e-01	3.571249e-01
2.955732e-01	7.756021e-01	4.036190e-01
4.521554e-01	6.855497e-01	4.651923e-01
5.946259e-01	6.985340e-01	5.350591e-01
7.193118e-01	6.846073e-01	5.918573e-01
8.213802e-01	6.024084e-01	6.252827e-01
8.994781e-01	5.916230e-01	6.539331e-01
9.474193e-01	6.259686e-01	6.710229e-01
9.566982e-01	6.225131e-01	6.619754e-01
9.190025e-01	6.697382e-01	6.282986e-01
8.320124e-01	8.062827e-01	5.757728e-01
7.167988e-01	8.708901e-01	5.240010e-01
5.926928e-01	8.730890e-01	4.734858e-01
4.828919e-01	8.891099e-01	4.156823e-01
3.999613e-01	9.030366e-01	3.588841e-01
3.554997e-01	8.975916e-01	3.113848e-01
3.417746e-01	8.983246e-01	2.774566e-01
3.518268e-01	9.170681e-01	2.581051e-01
3.713512e-01	9.093194e-01	2.402614e-01
3.885560e-01	8.629319e-01	2.151294e-01
3.843031e-01	8.093194e-01	1.724051e-01
3.589793e-01	7.633508e-01	1.176175e-01
3.317224e-01	7.459686e-01	7.690374e-02
3.120046e-01	7.487958e-01	5.931138e-02
3.081384e-01	7.413613e-01	7.263131e-02
3.272762e-01	7.239791e-01	1.098266e-01
3.841098e-01	7.049215e-01	1.578286e-01
4.566016e-01	6.771728e-01	2.063332e-01
5.217475e-01	6.331937e-01	2.437798e-01
5.642760e-01	6.043979e-01	2.633828e-01
5.836072e-01	6.064921e-01	2.676552e-01
6.323217e-01	6.281675e-01	3.013320e-01
7.082931e-01	6.211518e-01	3.536064e-01
7.887106e-01	5.105759e-01	3.920583e-01
8.658419e-01	3.885864e-01	4.212114e-01
9.311811e-01	3.225131e-01	4.430761e-01
9.710033e-01	2.916230e-01	4.360392e-01
9.889812e-01	2.848168e-01	4.124152e-01
1	2.841885e-01	4.003518e-01
9.710033e-01	3.211518e-01	3.747173e-01
8.753141e-01	4.180105e-01	3.151546e-01
7.492751e-01	4.932984e-01	2.576024e-01
6.155036e-01	5.268063e-01	2.176426e-01
4.942973e-01	5.918325e-01	1.947726e-01
3.976416e-01	6.793717e-01	1.887409e-01
3.330756e-01	7.093194e-01	1.905001e-01
2.986662e-01	6.972775e-01	2.040714e-01
2.862942e-01	7.178010e-01	2.483036e-01
2.932534e-01	7.503665e-01	3.023373e-01
3.179973e-01	7.571728e-01	3.335009e-01
3.653586e-01	7.365445e-01	3.631566e-01
4.368838e-01	6.870157e-01	4.078914e-01
5.014498e-01	5.944503e-01	4.279970e-01
5.594433e-01	4.867016e-01	4.312641e-01
6.421806e-01	4.376963e-01	4.677055e-01
7.320704e-01	4.490052e-01	5.126916e-01
8.121013e-01	5.073298e-01	5.443579e-01
8.795670e-01	5.495288e-01	5.797939e-01
9.306012e-01	5.322513e-01	6.167379e-01
9.626909e-01	4.072251e-01	6.463936e-01
9.565049e-01	2.981152e-01	6.398593e-01
8.985115e-01	3.063874e-01	5.780347e-01
8.244732e-01	3.453403e-01	5.240010e-01
7.477286e-01	3.839791e-01	5.021362e-01
6.617050e-01	4.216754e-01	5.079166e-01
5.720085e-01	4.433508e-01	5.245036e-01
4.863715e-01	4.051309e-01	5.038955e-01
4.146530e-01	3.658639e-01	4.739884e-01
3.640054e-01	4.298429e-01	4.858005e-01
3.570462e-01	4.743455e-01	5.204825e-01
4.121400e-01	3.920419e-01	5.599397e-01
4.971970e-01	3.280628e-01	6.232722e-01
5.950126e-01	3.309948e-01	7.062076e-01
6.992074e-01	3.830366e-01	7.828600e-01
8.001160e-01	3.745550e-01	8.223172e-01
8.874928e-01	2.063874e-01	7.984418e-01
9.313744e-01	1.801047e-01	7.873838e-01
9.288614e-01	3.168586e-01	7.893943e-01
9.072105e-01	3.187435e-01	7.147525e-01
8.728011e-01	2.867016e-01	6.195024e-01
8.293060e-01	3.563351e-01	5.732596e-01
7.815581e-01	4.227225e-01	5.466198e-01
7.330369e-01	4.351832e-01	5.237497e-01
6.878020e-01	5.099476e-01	4.971098e-01
6.468200e-01	6.275393e-01	4.636843e-01
6.095109e-01	6.024084e-01	4.234732e-01
5.650493e-01	5.214660e-01	3.779844e-01
4.962304e-01	5.506806e-01	3.269666e-01
4.471293e-01	5.921466e-01	2.970596e-01
4.556350e-01	5.630366e-01	3.111335e-01
5.053161e-01	5.403141e-01	3.515959e-01
5.795477e-01	5.384293e-01	4.056296e-01
6.493331e-01	5.178010e-01	4.566474e-01
6.937947e-01	4.654450e-01	4.855491e-01
6.949546e-01	3.760209e-01	4.752450e-01
6.646047e-01	3.658639e-01	4.475999e-01
6.110574e-01	4.395812e-01	4.136718e-01
5.414653e-01	4.179058e-01	3.691882e-01
4.662672e-01	3.756021e-01	3.312390e-01
3.968684e-01	4.440838e-01	3.226941e-01
3.411947e-01	5.002094e-01	3.347575e-01
3.052387e-01	4.462827e-01	3.596381e-01
2.849410e-01	3.957068e-01	3.817542e-01
2.810748e-01	3.962304e-01	3.998492e-01
3.052387e-01	4.746597e-01	4.445841e-01
3.433211e-01	5.398953e-01	5.026389e-01
3.707713e-01	4.302618e-01	5.453632e-01
3.870095e-01	3.336126e-01	5.692385e-01
3.953219e-01	3.794764e-01	5.737623e-01
4.071139e-01	3.916230e-01	5.596884e-01
4.382370e-01	3.570681e-01	5.556673e-01
5.109221e-01	3.225131e-01	6.144760e-01
5.923062e-01	2.884817e-01	6.848454e-01
6.543592e-01	2.575916e-01	7.237999e-01
7.100329e-01	2.684817e-01	7.602413e-01
7.490818e-01	2.869110e-01	7.851219e-01
7.417359e-01	1.870157e-01	7.564715e-01
6.932148e-01	9.277487e-02	7.129932e-01
6.127972e-01	1.538220e-01	7.011812e-01
5.225208e-01	2.665969e-01	6.765519e-01
4.409434e-01	3.574869e-01	6.107062e-01
3.725111e-01	4.107853e-01	5.576778e-01
3.255364e-01	4.095288e-01	5.458658e-01
3.152909e-01	3.707853e-01	5.815532e-01
3.423545e-01	3.242932e-01	6.577029e-01
3.806302e-01	3.694241e-01	7.270671e-01
4.330176e-01	4.460733e-01	7.813521e-01
5.095689e-01	4.508901e-01	8.235738e-01
6.216895e-01	4.418848e-01	8.941945e-01
7.446356e-01	4.127749e-01	9.663232e-01
8.291127e-01	3.140314e-01	9.673285e-01
8.855596e-01	2.614660e-01	9.786378e-01
9.091436e-01	2.734031e-01	1
8.747342e-01	2.529843e-01	9.306358e-01
7.974096e-01	2.455497e-01	8.220658e-01
6.959211e-01	2.890052e-01	7.253079e-01
5.953992e-01	2.856545e-01	6.235235e-01
5.082157e-01	2.294241e-01	5.194773e-01
4.359173e-01	2.121466e-01	4.272430e-01
3.792770e-01	2.495288e-01	3.581302e-01
3.375217e-01	3.550785e-01	3.355114e-01
3.127779e-01	4.549738e-01	3.380246e-01
3.085250e-01	4.496335e-01	3.380246e-01
3.094916e-01	4.279581e-01	3.387786e-01
3.019524e-01	4.607330e-01	3.420457e-01
2.797216e-01	5.058639e-01	3.417944e-01
2.609704e-01	5.280628e-01	3.460669e-01
3.034989e-01	4.585340e-01	3.835134e-01
3.959018e-01	3.374869e-01	4.443327e-01
5.174947e-01	2.204188e-01	5.139482e-01
6.325150e-01	1.991623e-01	5.840663e-01
7.212449e-01	2.414660e-01	6.348329e-01
7.776919e-01	1.619895e-01	6.257854e-01
7.939300e-01	9.643979e-02	5.885901e-01
7.653199e-01	1.801047e-01	5.581804e-01
7.088730e-01	2.393717e-01	5.202312e-01
6.381210e-01	2.220942e-01	4.732345e-01
5.729751e-01	2.219895e-01	4.262377e-01
5.145950e-01	2.380105e-01	3.835134e-01
4.479026e-01	1.994764e-01	3.510932e-01
3.788904e-01	1.487958e-01	3.304850e-01
3.286294e-01	2.324607e-01	3.259613e-01
2.911270e-01	3.640838e-01	3.304850e-01
2.514982e-01	3.312042e-01	3.337522e-01
2.107095e-01	2.465969e-01	3.299824e-01
1.674077e-01	2.908901e-01	3.081176e-01
1.511695e-01	3.758115e-01	2.910279e-01
1.921516e-01	4.082723e-01	3.028399e-01
2.669631e-01	4.212565e-01	3.397839e-01
3.570462e-01	4.329843e-01	3.980900e-01
4.413300e-01	4.389529e-01	4.516210e-01
5.093756e-01	4.302618e-01	4.903242e-01
5.635028e-01	3.743455e-01	5.152048e-01
5.988788e-01	3.171728e-01	5.202312e-01
6.108641e-01	3.146597e-01	5.001257e-01
5.901798e-01	3.393717e-01	4.694647e-01
5.360526e-01	3.675393e-01	4.383011e-01
4.759327e-01	3.578010e-01	4.104046e-01
4.189059e-01	3.126702e-01	3.862780e-01
3.622656e-01	2.723560e-01	3.588841e-01
3.077518e-01	2.589529e-01	3.307364e-01
2.561376e-01	3.079581e-01	3.058557e-01
2.149623e-01	3.833508e-01	2.880121e-01
1.942780e-01	4.414660e-01	2.834883e-01
1.857723e-01	4.517277e-01	2.809751e-01
1.824860e-01	3.895288e-01	2.726816e-01
1.886720e-01	3.750785e-01	2.719276e-01
2.039436e-01	4.522513e-01	2.799698e-01
2.209550e-01	4.956021e-01	2.699171e-01
2.354533e-01	4.856545e-01	2.467957e-01
2.379664e-01	4.571728e-01	2.425232e-01
2.555577e-01	4.095288e-01	2.563458e-01
3.218635e-01	3.382199e-01	2.837396e-01
4.098202e-01	3.280628e-01	3.247047e-01
4.971970e-01	4.180105e-01	3.757225e-01
5.667891e-01	4.373822e-01	4.091480e-01
6.131838e-01	3.703665e-01	4.204574e-01
6.448869e-01	2.954974e-01	4.219653e-01
6.535859e-01	2.245026e-01	4.078914e-01
6.269090e-01	1.633508e-01	3.689369e-01
5.749082e-01	1.449215e-01	3.282232e-01
5.068626e-01	1.969634e-01	3.066097e-01
4.225788e-01	2.336126e-01	2.983162e-01
3.251498e-01	1.998953e-01	3.008294e-01
2.379664e-01	1.745550e-01	2.990701e-01
1.768800e-01	1.973822e-01	2.847449e-01
1.318384e-01	2.447120e-01	2.882634e-01
1.009086e-01	3.098429e-01	3.259613e-01
8.409047e-02	3.617801e-01	3.581302e-01
8.351054e-02	3.797906e-01	3.666750e-01
1.179200e-01	3.571728e-01	3.963307e-01
1.950512e-01	3.105759e-01	4.591606e-01
3.216702e-01	3.193717e-01	5.476250e-01
4.732264e-01	3.613613e-01	6.406132e-01
6.153103e-01	3.919372e-01	7.145011e-01
7.355500e-01	3.576963e-01	7.514451e-01
8.231200e-01	2.574869e-01	7.511938e-01
8.710613e-01	1.715183e-01	7.521990e-01
8.786004e-01	1.559162e-01	7.112340e-01
8.476706e-01	2.583246e-01	5.785373e-01
7.937367e-01	3.343455e-01	4.372958e-01
7.295573e-01	3.064921e-01	3.352601e-01
6.646047e-01	2.585340e-01	2.470470e-01
6.031316e-01	2.265969e-01	1.713998e-01
5.352793e-01	2.536126e-01	1.261624e-01
4.589213e-01	3.378010e-01	1.085700e-01
3.783105e-01	3.790576e-01	7.665243e-02
2.957665e-01	3.589529e-01	2.588590e-02
2.068432e-01	3.551832e-01	0
1.241059e-01	3.815707e-01	8.042222e-03
9.220955e-02	4.023037e-01	3.292284e-02
1.138604e-01	4.166492e-01	7.112340e-02
1.695341e-01	4.600000e-01	1.193767e-01
2.445390e-01	4.594764e-01	1.839658e-01
3.234100e-01	2.959162e-01	2.759487e-01
3.902958e-01	2.237696e-01	3.480774e-01
4.316644e-01	4.227225e-01	3.644132e-01
4.537019e-01	4.960209e-01	3.596381e-01
4.600812e-01	3.852356e-01	3.458155e-01
4.567949e-01	2.841885e-01	3.224428e-01
4.432631e-01	2.165445e-01	2.993214e-01
4.163928e-01	1.908901e-01	2.902739e-01
3.868162e-01	2.159162e-01	2.782106e-01
3.616857e-01	2.929843e-01	2.525760e-01
3.344288e-01	3.306806e-01	2.510681e-01
3.021458e-01	3.099476e-01	2.769540e-01
2.563309e-01	3.237696e-01	2.784619e-01
2.149623e-01	3.655497e-01	2.628801e-01
2.176687e-01	3.926702e-01	2.611209e-01
2.470520e-01	3.877487e-01	2.767027e-01
2.832012e-01	3.350785e-01	3.131440e-01
3.207037e-01	3.097382e-01	3.578789e-01
3.539532e-01	3.380105e-01	4.028650e-01
3.856563e-01	2.869110e-01	4.478512e-01
4.082737e-01	1.946597e-01	4.812767e-01
4.084670e-01	2.301571e-01	4.787635e-01
3.815968e-01	2.979058e-01	4.531289e-01
3.237966e-01	2.783246e-01	4.199548e-01
2.605838e-01	2.561257e-01	3.908017e-01
2.112894e-01	2.862827e-01	3.747173e-01
1.681809e-01	2.940314e-01	3.644132e-01
1.302919e-01	2.557068e-01	3.583815e-01
1.028417e-01	2.405236e-01	3.669264e-01
8.718345e-02	2.654450e-01	3.882885e-01
8.119080e-02	3.071204e-01	4.008545e-01
8.621690e-02	3.492147e-01	4.078914e-01
1.070945e-01	3.717277e-01	4.264891e-01
1.360912e-01	3.526702e-01	4.352852e-01
1.645080e-01	2.782199e-01	4.149284e-01
1.819061e-01	2.658639e-01	4.129178e-01
1.950512e-01	3.321466e-01	4.423222e-01
2.458921e-01	3.506806e-01	4.702186e-01
3.266963e-01	3.309948e-01	5.091732e-01
4.219988e-01	3.018848e-01	5.782860e-01
5.116953e-01	3.289005e-01	6.353355e-01
5.816741e-01	4.245026e-01	6.574516e-01
6.342548e-01	4.125654e-01	6.712742e-01
6.634448e-01	3.349738e-01	6.639859e-01
6.593853e-01	3.410471e-01	6.009047e-01
6.255558e-01	3.522513e-01	5.217391e-01
5.648560e-01	2.847120e-01	4.689621e-01
5.053161e-01	2.173822e-01	4.327721e-01
4.666538e-01	2.015707e-01	4.099020e-01
4.177460e-01	2.079581e-01	3.890425e-01
3.442876e-01	2.261780e-01	3.616487e-01
2.561376e-01	2.398953e-01	3.133953e-01
1.585154e-01	2.404188e-01	2.392561e-01
7.655132e-02	2.670157e-01	1.950239e-01
2.725691e-02	3.393717e-01	2.118623e-01
4.059540e-03	3.998953e-01	2.435285e-01
8.119080e-03	4.165445e-01	2.691631e-01
4.388169e-02	3.996859e-01	3.028399e-01
1.117340e-01	3.583246e-01	3.478261e-01
1.967910e-01	3.910995e-01	4.063835e-01
2.839745e-01	4.758115e-01	4.667002e-01
3.402281e-01	3.985340e-01	4.895702e-01
3.870095e-01	2.785340e-01	4.807741e-01
4.564083e-01	2.895288e-01	4.543855e-01
5.308332e-01	3.318325e-01	4.465946e-01
5.986855e-01	3.517277e-01	4.677055e-01
6.495264e-01	3.729843e-01	4.574014e-01
6.738836e-01	3.912042e-01	4.126665e-01
6.578388e-01	3.919372e-01	3.518472e-01
6.106708e-01	3.838743e-01	2.814778e-01
5.457182e-01	3.785340e-01	2.080925e-01
4.707133e-01	3.810471e-01	1.450113e-01
3.947419e-01	4.054450e-01	1.130937e-01
3.187705e-01	4.159162e-01	9.374215e-02
2.426058e-01	3.472251e-01	6.182458e-02
1.691475e-01	2.670157e-01	3.116361e-02
9.143630e-02	2.828272e-01	1.784368e-02
3.595592e-02	3.547644e-01	2.789646e-02
4.117533e-02	4.319372e-01	7.212868e-02
9.839552e-02	4.692147e-01	1.352099e-01
1.981442e-01	4.192670e-01	1.995476e-01
3.110381e-01	3.424084e-01	2.847449e-01
4.115600e-01	2.869110e-01	3.867806e-01
4.767060e-01	3.003141e-01	4.174416e-01
5.064759e-01	3.621990e-01	3.973360e-01
5.109221e-01	4.226178e-01	3.862780e-01
4.995167e-01	4.412565e-01	3.591355e-01
4.797990e-01	4.028272e-01	3.030912e-01
4.511889e-01	3.909948e-01	2.412666e-01
4.169727e-01	4.034555e-01	1.910028e-01
3.866228e-01	3.717277e-01	1.862277e-01
3.471873e-01	3.403141e-01	1.827092e-01
2.781751e-01	3.730890e-01	1.186228e-01
2.161222e-01	4.144503e-01	6.609701e-02
1.931181e-01	4.175916e-01	8.519729e-02
2.097429e-01	3.889005e-01	1.166122e-01
2.652233e-01	3.403141e-01	1.377230e-01
3.419679e-01	3.388482e-01	1.751696e-01
4.198724e-01	3.704712e-01	2.241769e-01
4.695535e-01	3.643979e-01	2.679065e-01
4.919776e-01	3.473298e-01	2.925358e-01
4.912043e-01	3.516230e-01	2.860015e-01
4.728397e-01	3.743455e-01	2.797185e-01
4.421032e-01	4.068063e-01	2.857502e-01
4.034409e-01	4.049215e-01	2.658960e-01
3.663251e-01	3.721466e-01	2.332244e-01
3.506669e-01	3.404188e-01	2.455391e-01
3.381017e-01	3.265969e-01	2.576024e-01
3.048521e-01	3.492147e-01	2.096004e-01
2.588440e-01	3.842932e-01	1.550641e-01
2.093563e-01	4.136126e-01	1.349585e-01
1.880920e-01	4.442932e-01	1.407389e-01
2.052967e-01	4.705759e-01	1.648655e-01
2.501450e-01	4.722513e-01	1.854737e-01
3.081384e-01	4.513089e-01	2.030661e-01
3.582061e-01	4.144503e-01	2.241769e-01
3.989948e-01	3.781152e-01	2.525760e-01
4.281848e-01	3.571728e-01	2.895200e-01
4.274116e-01	3.408377e-01	3.128927e-01
3.904891e-01	3.230366e-01	3.106308e-01
3.493137e-01	2.941361e-01	2.965569e-01
3.150976e-01	2.591623e-01	2.787132e-01
2.888073e-01	2.486911e-01	2.731842e-01
2.663831e-01	2.653403e-01	2.809751e-01
2.265610e-01	2.923560e-01	2.860015e-01
1.869321e-01	3.191623e-01	2.925358e-01
1.950512e-01	3.322513e-01	3.136466e-01
2.476319e-01	3.231414e-01	3.538578e-01
3.361686e-01	2.782199e-01	4.199548e-01
4.415233e-01	2.402094e-01	4.943453e-01
5.439783e-01	2.468063e-01	5.601910e-01
6.178233e-01	2.619895e-01	6.044232e-01
6.499130e-01	2.727749e-01	6.172405e-01
6.435337e-01	2.853403e-01	5.875848e-01
6.104775e-01	3.062827e-01	5.307866e-01
5.698821e-01	3.510995e-01	4.757477e-01
5.279335e-01	3.950785e-01	4.342800e-01
4.908177e-01	4.056545e-01	4.217140e-01
4.496424e-01	4.072251e-01	4.066348e-01
3.960951e-01	4.233508e-01	3.583815e-01
3.274696e-01	4.226178e-01	2.993214e-01
2.406727e-01	3.830366e-01	2.442825e-01
